9.591860585408467443e+01 8.504470650897108186e+00 9.455889337517916715e+01 7.592609889889773811e+00 3.004901401954945328e+01 9.238278947746316305e+00 4.400846692066668342e-01 1.797426507313049537e+00 4.860328020134880855e-01 2.084635468474534681e-01
8.911526961994702845e+00 1.411889153438025879e+01 2.164524841938808777e+02 2.970594089550934669e+01 9.921295162900525710e+00 4.265738881202182142e+00 6.413122803698627639e-01 1.337754810591443411e+00 9.857825546909215753e-01 3.525146712611176847e-01
1.882722460984927082e+01 7.689018087097972298e+00 1.452434812124667189e+02 5.480908514233877327e+01 8.064995870299402014e+00 6.214727017369162887e+00 8.509383529246952182e-01 1.082467200582683420e+00 2.108127541202131638e-01 2.270154118005907051e-01
8.746814523676844999e+01 3.170437255434397805e+00 1.985605603036554498e+02 5.314050775845063157e+01 1.611751836725513343e+01 3.754982176952424755e+00 8.020157180766845917e-01 1.680700323417775754e+00 4.738547126311780655e-01 1.109043501306137963e-01
4.989215521952964139e+01 5.267062269908522332e+00 2.378183073098073237e+02 2.764007025210069202e+01 2.180133987968959985e+01 2.737298206923827859e+00 9.622134908905358719e-01 1.703586537807107115e+00 3.824667759435973480e-01 1.615411796280816215e-01
2.864097055788040436e+01 1.281882295402949845e+00 1.082709440963200223e+02 1.181947401151319532e+01 1.339666752750887113e+01 8.967569899943738321e+00 9.332105022419887042e-02 1.020562037376995246e+00 6.601625782193831782e-02 4.209883064836648092e-01
1.092325418477752805e+02 9.474787387792895643e+00 1.951377681669086428e+00 2.594791301677297923e+01 1.307533499525666620e+01 8.059325381221007945e+00 1.206136157468418180e+00 1.730129127371634379e+00 2.761105687555198696e-01 2.526807627910496179e-01
9.031551752915569864e+01 1.041241471802062435e+01 2.705334032149899599e+02 4.312274979472756087e+01 2.093433566748522523e+01 2.501414786316357386e+00 5.649075633786040385e-01 1.064844327980591032e+00 2.175560841063426398e-01 1.453773584102049932e-01
3.193561066471928100e+01 1.011994481495740317e+01 1.755018939431863245e+01 4.373200406401935680e+01 3.679579761795328530e+00 7.300628627572958607e+00 1.137689256911840863e+00 1.319332732937632757e+00 6.831323106342170881e-01 2.143385430092079880e-01
6.640232217994169162e+01 6.454925266852528765e+00 1.203053903896035024e+02 2.887288902276579705e+01 2.192401420276267032e+01 2.223784960896812102e+00 1.320734233853977146e+00 1.525996567035583507e+00 2.684570985019698597e-01 2.772347889701669565e-01
5.467196260668674057e+01 6.885588049461966342e+00 1.149659835938832657e+02 2.123926560482332349e+01 1.838884156248113300e+01 9.465633711787797111e+00 7.299451131412336702e-01 1.748989028047548633e+00 5.401999608132697084e-01 1.131701565504638490e-01
1.134430039853715897e+02 8.602580759585057635e+00 2.426224353793743376e+02 2.677105597597742559e+01 2.188912009478839682e+00 9.370765267799929799e-01 1.410775253323435452e+00 1.560947255706949477e+00 1.749579124317917067e-01 3.980799410005205763e-01
1.042952343404480757e+02 5.515003574140336262e+00 2.377105425077908478e+02 5.953194311029049857e+01 2.929437051852353946e+01 1.643483718175933639e+00 8.445577031789140987e-01 1.028761765439263121e+00 7.301102580328167058e-01 1.063154720052466862e-01
4.281915874319479798e+01 3.902812081839414304e+00 1.572516773877926255e+01 4.132740047850030152e+01 2.787888025024436445e+01 7.294553228855722438e+00 8.458389375540226185e-02 1.884051956509883885e+00 9.493192321335606199e-01 1.593283530242939616e-01
1.072941180942557082e+02 2.498725389692864063e+00 6.132641629792125570e+00 5.673789522440826971e+01 1.616693519781913935e+01 2.759156923934927175e+00 9.342031553285463641e-01 1.814699137690306330e+00 8.398252279355629124e-01 2.621743747921173595e-01
1.198328252583005735e+02 8.675549115442564130e+00 2.869848031754221438e+02 3.451064312369678078e+01 1.835983420297087942e+00 2.472722236330548995e+00 1.469080222565760874e+00 1.375789543565205442e+00 9.584276793931978400e-01 3.800382645939693882e-01
9.376883307223087627e+01 2.389662873641447582e+00 1.515012722414092821e+02 2.627178747028973760e+01 3.172607070467479140e+00 5.006083964152514554e+00 7.670452343707876430e-01 1.774212878413293781e+00 5.083423645204185881e-01 3.161933586007942276e-01
1.197348898139022850e+02 7.624040681076071024e+00 3.751981732791610824e+01 5.547114951118089721e+01 4.062535104309200840e+00 5.443891409044513630e+00 1.029421157509549101e+00 1.038821601096312275e+00 4.819088610020505481e-01 1.332743524120537648e-01
1.485146622893941348e+01 1.997934295160354257e+00 2.822419060416942784e+02 2.151428066866404976e+00 1.249790029057474783e+01 1.554669789927800583e+00 9.091923785477604714e-01 1.540479185565969855e+00 7.189443688223111639e-01 2.725945517307925003e-01
1.127673271378830719e+02 9.566093788662858088e+00 1.022499932104317111e+02 2.815381733758353988e+01 9.515475177154122832e+00 2.491320411473695984e+00 1.087804198401804756e+00 1.000157893047946223e+00 1.919681710999676660e-01 3.531363128511810778e-01
5.737575347519007352e+01 8.830912431446627409e+00 5.971660449946532623e+01 1.331453286560054217e+01 5.421335149949053189e+00 9.406631166316788750e+00 1.572985404647155860e-01 1.026269396275798051e+00 5.345908599553625962e-01 2.320868569373915613e-01
1.169921429586046457e+01 9.774101089669061437e+00 2.468085421379569482e+02 2.015954074552464448e+01 2.869914752694322146e+01 3.432372006826903466e+00 7.448307207595159518e-01 1.673175143745545324e+00 3.705559445302271104e-01 3.385667020810957384e-01
6.273879930003079153e+01 3.403747164901597344e+00 1.825183102927835535e+02 2.315548438197950532e+01 1.613441805564111320e+01 1.016583683385593684e+00 1.280719509868619266e+00 1.636559350079655140e+00 9.588053032841132861e-01 1.942835167044405231e-01
5.820523962326156919e+01 8.518103420051911456e+00 2.729932425995196255e+01 9.228215654711235061e+00 1.399411900255950592e+01 1.476973521459354455e+00 6.117999794029951310e-01 1.308779289460424655e+00 9.470362287378601973e-01 3.218557144705905260e-01
5.054297059958431504e+01 7.660244629105431358e+00 2.220017495663079217e+02 2.151590939677560144e+01 2.665949833698801896e+01 5.053449492320472025e+00 1.063675147289512068e+00 1.727821587839171169e+00 8.183379168414417482e-01 3.192537301159686924e-01
2.494086821909062124e+01 1.523815919541704922e+01 3.817878769661736271e+01 3.419922378700596965e+01 2.331395931899245255e+01 6.192979821323606693e+00 8.459369217196730517e-01 1.335274709073301480e+00 5.135040578338629924e-01 2.687504962226630045e-01
7.651248674011617368e+01 3.973188226785313582e+00 8.010319435410956146e+01 5.365633816245122034e+00 6.501675664224379148e+00 8.889879572490096749e+00 4.224817871249487711e-01 1.290907373744792030e+00 2.931602080576749536e-01 1.810938190919024193e-01
7.737402034612652812e+01 1.243582109926646240e+01 2.219413726633051738e+02 2.259024981356356321e+01 2.613784976526498482e+01 3.413402639513755332e+00 1.142918751045983727e+00 1.142871024051348217e+00 2.181128499672850829e-01 2.222889236508294175e-01
7.603727455012868575e+01 1.125819238803704359e+01 1.351267079130127229e+02 2.658972221329790386e+01 2.533254197993312751e+00 2.138298488462761604e+00 2.006763004666989036e-01 1.868289460152758430e+00 1.749249819845848375e-01 1.693534499645869273e-01
8.093994960786022830e+01 8.127149962350914691e+00 1.211419797312212836e+02 4.601306422231203896e+01 1.677896315001382277e+01 9.798792096392707762e-01 9.338226618750469221e-01 1.445348114910174786e+00 9.231843267884620730e-03 3.490688041783583939e-01
9.576248090746570796e+00 1.368909546267632926e+01 1.328735977086892603e+02 5.324737294220070538e+01 1.060730835388387483e+01 6.923352847572116886e+00 1.480986268636756142e-01 1.025328997001978770e+00 6.212819384193153383e-01 3.770047413412347392e-01
3.338915335781122096e+00 2.766288876691752829e+00 2.702560019136670917e+02 2.366700211543503229e+01 2.299640553742784022e+01 4.852641415924218826e+00 1.235245718976780038e+00 1.794126797824239228e+00 7.310050382635497890e-01 4.130068341262297382e-01
8.074760396746987112e+01 9.961466919991103453e+00 2.994004371278395524e+02 5.149009338074962727e+01 2.562509426089794218e+01 8.117248141081482515e+00 4.965620149643935610e-01 1.694290141331684652e+00 2.415381889939232085e-01 2.515892189752516606e-01
3.744639023062733685e+01 9.503742982615577262e+00 9.120570496841246211e+01 2.754203008421204046e+01 2.504896501514348017e+01 8.047113239455359945e+00 1.008546192559041987e+00 1.877294371609093293e+00 8.910120570652391159e-01 1.019822515880437347e-01
1.022043423689701598e+02 5.570158551335713248e+00 1.520807304859378064e+02 3.120508385976978971e+01 2.963906199592425494e+01 4.572134031558537259e+00 1.488022387912387723e+00 1.273775892720721226e+00 4.752814794352260286e-01 2.169963234113571615e-01
6.185661633132970394e+01 4.799789366182412920e+00 2.711936028135698962e+02 2.986722987760601455e+01 2.068829500901517804e+01 4.920461022149559049e+00 1.104090253296915680e+00 1.137739530916374697e+00 5.484852450305630622e-01 2.663163174396268040e-01
2.745278656838776588e+00 1.449810325004519918e+01 8.166016094719711305e+01 6.254524555230235983e+00 1.094447379596633496e+01 4.394205039154843284e+00 6.051540633630287935e-01 1.753920666683218554e+00 9.019191161518462785e-01 2.154208273280553143e-01
9.215914342833995931e+01 1.577160625898206092e+01 1.217026632784452005e+02 1.143347206923309223e+01 9.050100294958776104e+00 8.392484816142484760e+00 1.465812089648398819e+00 1.477963774080428117e+00 6.063125940898279609e-01 4.172972431546984051e-01
1.167059815666835476e+02 7.191862560737986243e+00 4.558234667370220450e+01 3.826223076470282081e+01 1.698197625746315964e+01 6.079850809165949777e+00 1.131177899471927095e-01 1.025323068117250491e+00 7.884118151533106023e-01 1.545461322590780950e-01
8.632844928532941253e+01 1.387237574179011546e+01 4.829984229539779506e+01 4.750622876768175473e+01 3.482577176628946170e+00 2.807274614449498440e+00 2.701861443491910819e-01 1.072085115503818242e+00 7.693044072499215513e-01 3.240690142001307894e-01
4.796984107727944036e+01 9.906789131666894122e+00 1.320586211730656316e+02 2.717188210608057375e+01 1.836719487928445815e+01 3.937440216450522890e+00 9.511440513473150560e-01 1.001079100614240103e+00 7.319090358770736771e-01 4.346793493849844259e-01
9.824529666712253118e+01 9.231641404089312886e+00 2.392478375531373445e+02 2.519439881344043997e+01 5.963215017819695873e+00 8.997611303818638717e+00 1.322666604824597192e+00 1.267460011610751947e+00 7.069516478182640284e-01 1.288349406190107127e-01
1.181140878876969396e+02 3.573804322772121900e+00 1.015216905646421424e+02 2.512443544652153093e+01 4.859401060972214026e+00 5.654739748494111318e+00 1.292742530505196719e+00 1.170960196159464894e+00 6.424430622776118316e-01 4.393294252238664210e-01
2.095750622813574537e+01 7.611516699454363710e+00 2.755956204803327481e+01 1.633938112307853174e+01 2.338748495177002695e+01 2.352914072979604754e+00 4.989055875502688697e-01 1.988850578573984729e+00 5.590736666026163704e-01 2.520782241188996853e-01
2.879113756221411080e+01 8.342949104879107125e+00 1.653209540826765078e+02 5.003883400495064393e+01 2.919824487283265046e+00 7.667043260445774777e+00 7.671763324540572526e-01 1.092620575706352737e+00 4.798146271915533223e-01 4.334146991381619962e-01
1.110167903213334739e+02 1.249673535725883866e+01 1.897088274844706746e+02 4.655660351284866039e+01 2.100893514459906086e+01 1.303516341206273133e+00 1.364600369904827692e+00 1.126827831919134271e+00 7.813437694226172958e-01 2.176074070551289319e-01
8.367673818374140637e+01 1.020536144598829509e+01 1.729678575479971414e+02 4.124873557875429242e+01 9.925521709422955752e+00 7.612757422249141648e+00 4.372009724416006660e-01 1.310566556010193784e+00 3.851020383662533408e-01 3.228641461788273048e-01
7.197168354227781606e+01 1.579633050966057439e+00 2.451200755209675819e+01 5.219820827660766938e+00 1.132962739765554616e+01 8.803720103927236806e+00 2.185907422391453747e-01 1.848441220869732060e+00 1.686535721206292582e-01 1.314551734592466770e-01
7.841941024872681965e+01 1.128833538857493224e+01 2.955980454714817256e+02 1.683501474058797598e+01 2.097661832957902206e+01 4.770940722312446702e+00 6.223380127236135539e-01 1.964156471927535508e+00 4.861302309994797177e-01 4.155272705649210030e-01
6.963066156733763989e+01 7.002230624064244680e+00 1.967822987989752050e+02 3.810051113863625716e+01 9.996087990538201851e+00 6.770440943513417409e+00 7.545534343050818160e-01 1.448190329991345893e+00 6.803651179584615516e-01 2.758698492085999709e-01
8.099315961652696672e+01 2.567922809839647158e+00 3.874748847804156071e+01 2.110224431812837764e+01 2.070618384468280837e+01 5.534160502560361294e+00 9.696907578715603382e-01 1.622324879041966428e+00 4.677187639772919514e-01 4.025193847686877602e-01
5.437042717626116684e+01 1.054409486239277438e+00 1.349907487621712505e+02 2.788675994280066206e+01 2.677867753123489436e+01 4.391606426510536565e+00 5.846749420491202942e-01 1.114113292708550418e+00 5.304895760675183425e-01 4.224442806783813564e-01
1.090280895056991710e+02 1.499813153998908533e+01 3.322471270457473480e+01 4.625398633360101996e+01 1.214227269355573924e+01 7.316385315338228779e+00 1.255292774701086689e+00 1.003590375587435135e+00 7.946228646315292021e-01 3.553509294277931163e-01
5.873719591781841842e+01 1.168033765000370217e+01 2.703245843961606170e+02 3.290951655294061595e+01 3.369153580363535738e+00 7.386496741063076854e+00 4.151283725910086264e-02 1.622025674238729565e+00 3.462273947686620446e-01 1.818185571257713851e-01
1.113562438130672234e+02 1.062097107917989369e+01 3.005157481967194713e+02 3.323225765133399534e+01 1.743628510333761739e+01 5.290361527158983002e+00 1.102614365191082024e+00 1.738853341708846090e+00 1.824912873157689130e-01 2.501739428002067167e-01
7.404908804472624695e+01 1.435621112880808070e+01 2.510651784575502745e+02 5.399409166752294453e+01 8.733719160669197734e+00 9.507045730973869624e+00 9.433719894508250103e-01 1.134675412970196584e+00 1.402896490183005440e-01 3.784386241662320849e-01
5.246977559527300627e+01 5.268411771805046051e+00 2.700111722309588558e+01 2.160311711020882086e+01 1.794339994541491734e+01 2.912270066851534889e+00 3.915757731447405687e-01 1.983880624690372851e+00 3.927852471421291458e-01 1.641634456667585007e-01
6.221646091857319050e+01 8.321592789436245141e+00 6.319215901821892345e+01 3.278551308913503703e+01 1.449935689741719003e+01 8.830535186267040260e+00 6.442191830654696583e-01 1.029225551295028573e+00 1.383958597076153652e-01 3.510202904911441379e-01
3.186242606777878095e+01 1.163295750416365770e+01 3.046168695757789351e+02 4.336903199780703488e+01 2.592537258661025845e+01 5.705917952738653653e+00 6.568227612087452760e-01 1.829854590406977621e+00 2.705472672959006175e-01 2.288210379657023008e-01
2.562904263559727891e+00 1.596098580987898963e+01 1.632468736482108511e+02 4.848171773573132981e+01 1.006768495986161938e+01 8.422994187378472830e+00 1.352337008299106857e+00 1.665807920413983068e+00 6.894070244105028333e-01 3.939590933269506712e-01
7.541975710150182977e+00 4.213719532944692148e+00 2.953589011931342156e+02 3.753530284802238270e+01 2.500715960362051504e+01 7.768325069808610372e+00 6.203255802562905874e-01 1.700762658909618530e+00 2.472723797440832261e-01 1.160158453740623985e-01
4.980296992479475193e+01 3.272592016662109415e+00 1.156518438626305851e+02 1.870845606383737092e+01 2.116558273179629168e+01 9.457844603162584463e+00 4.383318416909650628e-01 1.898239879016812903e+00 8.724297756949306315e-01 3.238471686058128629e-01
4.837731865497492123e+01 1.206287875331731030e+01 2.925601736458350999e+01 3.593774218209455995e+01 2.131183209960400404e+01 4.795566958910693067e+00 1.298072966267119210e-01 1.247489205049138850e+00 4.293968149195759310e-01 1.749109116926009511e-01
8.604825878299591579e+01 2.901828638661574367e+00 1.369056909495490615e+01 1.505162721134684212e+01 4.721248616642888862e+00 2.162254542184537165e+00 1.461243757574020252e+00 1.718331594304089549e+00 2.169759505830726187e-01 2.090375771432635976e-01
1.044435655043792650e+02 1.149152132873212651e+01 8.132112669881453826e+01 4.463551777958092259e+01 2.229425053661428890e+01 9.862593574948592234e+00 1.204459891691004536e+00 1.963288721911872869e+00 6.326527050158183840e-01 3.880410358291546125e-01
1.045038980984031127e+02 4.492081961504771570e+00 1.853220982077220640e+02 4.309413001052252667e+01 9.200200224114478686e+00 2.337981869172155669e+00 1.259333590830893579e+00 1.880070061151495109e+00 6.186615758262847820e-02 1.644785749873663994e-01
1.994710029771855275e+01 1.082552994582783512e+01 1.192697609095103246e+02 4.653747448744544357e+01 2.451446842304006424e+01 6.811349960723172003e+00 9.316598090213752403e-01 1.949350934252871204e+00 9.425383385542080994e-01 1.253192098687457012e-01
9.781112383456037662e+01 1.228570093128779384e+01 1.212485901778729556e+02 2.436275426920751386e+01 1.891911683408643086e+01 3.269132397354676201e+00 7.320198564495217219e-01 1.061415744787975735e+00 7.517983138935162568e-01 2.087115717370010559e-01
8.972472685996160635e+01 8.322472663773437418e+00 2.964469647059254598e+01 2.691824077130865334e+01 1.681894461307254574e+01 3.515547404868756942e+00 4.208472622745214609e-01 1.735554310540233569e+00 8.856835342264250954e-01 1.649930691610640154e-01
7.406716110468714476e+01 1.996139450651559732e+00 1.995781793005378688e+02 5.272793808671299587e+01 6.989201387698644297e+00 9.089805938398544782e+00 1.343246499051869547e+00 1.619210876682708022e+00 9.896146796218159292e-01 2.519153835365992578e-01
9.462673360200126638e+01 1.240367584918220523e+01 2.029261098494317253e+02 9.664981003552355787e+00 8.486912132594618186e+00 4.457211039475462044e+00 1.096803452333201756e+00 1.907070362017046383e+00 8.746384964654756455e-01 2.284420490748804156e-01
2.834881062877046531e+01 1.193041986013084177e+01 1.268408720675970898e+02 8.861998331491454550e+00 2.787754535404739897e+01 6.721342546350668634e+00 1.719700878433395586e-01 1.784367340880240738e+00 9.895349821538987900e-01 1.697786871579978762e-01
9.719240398946279669e+00 6.278702369589250765e+00 1.509331932618518692e+02 3.750910405277634396e+01 1.972876968450658808e+01 8.741453239626515881e+00 3.913967469466302362e-01 1.343501156664482998e+00 6.952368381445921397e-01 3.581700724562928428e-01
1.689893158292822051e+01 6.944493197697670261e+00 3.030243351516158441e+02 5.282707351792806350e+01 2.116774724734651159e+01 2.151743997411884379e+00 5.848142076937213885e-01 1.561737122253760601e+00 2.975026269050675687e-01 1.176742977190086969e-01
4.897494061479136462e+01 7.166163214226117795e+00 2.169557503351307162e+02 3.044127575653491391e+01 1.838413181740774061e+00 4.244755091633370725e+00 5.661235659883099292e-01 1.202279152327711875e+00 4.447451676948042110e-01 1.621978881078775248e-01
7.241725415980953073e+01 9.534939698287150378e+00 2.924431396782139814e+02 3.323548637785998494e+01 5.901977938133038393e+00 1.095879319301894306e+00 7.423429572906911078e-01 1.326395379122745188e+00 9.589771789610417319e-01 2.895096378621989097e-01
8.206604056483823229e+01 1.224457946201647829e+01 2.926133617158383231e+02 2.836614740259539147e+01 2.338990650723683729e+01 7.620068673645852275e-01 9.405866381510652463e-02 1.920304384811215126e+00 7.666794677475894382e-01 2.703200133154356477e-01
2.741203092823429088e+01 9.952437098747203947e+00 6.205449307266185599e+01 1.385059261965305044e+00 2.246078299112561893e+01 2.154544375196745687e+00 1.676821902547539767e-01 1.538943157991400135e+00 4.332013577539353122e-01 3.294135841780596041e-01
9.275901014665996058e+01 1.584393840438081824e+01 2.922779551391033124e+02 5.741842624745863155e+00 1.472275526520311573e+01 9.008071536577949345e+00 1.492410066574778815e+00 1.579701703794173850e+00 6.045830354613188629e-01 1.683529439803176653e-01
5.953058234910894697e+01 1.409407234159954392e+01 2.904696411513348764e+01 2.434143661075214382e+01 1.753732562111407844e+01 5.659491234572271878e+00 1.142381763714785281e+00 1.198037390022560045e+00 8.592386587600138181e-01 2.784283852595144659e-01
6.154377496994808183e+01 6.052425714980244287e+00 2.629073770438815245e+02 1.890233282893576572e+01 2.627909048805333470e+01 9.546160541127045818e+00 3.474725151691702152e-01 1.551360112952480108e+00 2.297032052221887888e-01 2.007524884364120799e-01
1.042538368223840095e+01 1.099978808655068541e+01 5.380695814339804883e+01 1.196705979862811731e+01 3.022361048008388096e+01 5.070224209966551321e+00 3.532029629414706329e-01 1.537086063567026706e+00 4.919575643683280486e-01 3.182432241352241009e-01
6.301790402642238575e+01 1.099883529089703416e+01 2.523617678662209016e+02 2.612468398173290751e+01 1.038898254351647488e+01 9.002902059768430831e+00 1.291070179741466539e+00 1.632113655319022083e+00 7.341222826730520179e-01 1.688265118495812511e-01
2.115678393043052452e+01 1.213848041964712365e+01 9.631216706257214355e+01 4.002795919115767020e+01 2.197502888098485130e+01 3.251676651498407011e+00 1.241524696138557093e+00 1.152178164790648829e+00 5.391740427474507324e-01 3.035038106395153701e-01
6.098229092679976304e+01 6.481469700859921801e+00 1.231080350786454716e+02 3.201597219066040623e+01 2.288221156211139018e+01 3.062568093770094535e+00 8.398390899822231193e-01 1.518340624227467517e+00 1.297361978312066011e-01 1.469715514776310239e-01
1.114823074695688803e+02 2.113319709055597073e+00 3.004454062557013572e+02 2.335151206538147761e+01 1.373525858704732983e+01 2.182414710594577478e+00 1.043764903003067263e-02 1.781672208006548130e+00 7.022648808809655030e-01 4.051987662889069419e-01
8.387918841560347971e+01 8.035597832690649867e+00 9.983006031650371881e+01 1.248061148835314826e+00 3.022764374080268546e+00 3.805760862163082070e+00 1.293209103230634982e+00 1.232892960694092377e+00 3.290077212490900571e-01 2.808454748214124774e-01
9.349464061137587123e+01 1.256962380213852981e+01 2.443235556113920666e+02 1.516368906032161945e+01 2.431998442623091705e+01 7.685824631085940162e+00 1.273134745811108637e+00 1.520835023278945597e+00 5.975338139887684807e-01 3.662791170333811186e-01
9.697824365218181697e+01 1.072845138226794148e+01 1.905406296070932513e+02 5.500629074959786635e+01 1.957322657177594394e+01 3.684831414660100890e+00 1.069022138963778568e-01 1.879787483991862684e+00 2.473535836154543421e-01 4.001632195091576749e-01
1.983829376500625585e+01 2.792643582222497312e+00 2.066660934738891910e+02 3.151445574224178259e+00 2.076310818984642026e+01 4.892015064946003022e+00 1.290582239883951710e+00 1.216883549693475119e+00 2.131041231099095601e-01 3.157774043031293387e-01
4.729848569841334438e+01 2.108449513765817684e+00 1.774550536960882710e+02 5.843601279611137045e+01 1.446457172063860419e+01 4.396267335121163633e+00 1.211612283855258543e+00 1.377068720891550635e+00 8.741342094185624578e-01 1.205277762147369119e-01
2.203911330007905178e+00 1.178292090714629836e+01 2.175516437491511397e+02 4.478885528214706113e+01 1.628918737702582931e+01 7.775517764570012424e+00 7.459828343736428780e-01 1.875641670218903156e+00 9.791018361869823217e-01 2.530993786055052430e-01
2.906071655186949432e+00 1.066968923495427646e+01 2.106923992572750990e+02 4.666475717476350127e+01 5.658069688816764753e+00 4.626419430432967772e+00 4.858606750273267161e-01 1.857778044683030316e+00 6.360615604625747821e-01 3.866972408335946909e-01
6.027931409626534531e+01 5.455399468493649096e+00 2.281000665540897785e+02 1.532705913828933397e+00 8.047506242940791310e+00 8.574340992893752400e+00 1.182600290165657153e+00 1.381744132785369450e+00 6.418587488056617385e-01 2.167791105317558586e-01
1.573885048032857625e+01 6.374466066794145291e+00 3.041289871580063959e+02 2.467140815855533376e+01 2.842444265858075525e+01 7.652184756435332247e+00 1.091973200751531037e+00 1.627546300154487202e+00 4.516277471302398983e-01 3.911319973933370386e-01
8.944733053938868750e+01 3.979386332190809838e+00 1.315084662366022030e+02 1.468749515460628352e+01 1.161063546751135078e+01 4.740244350619211566e+00 1.044018660921286257e+00 1.216486669936585718e+00 1.121032680634237444e-02 1.652999432155813908e-01
5.360398560254262179e+01 5.330473441835165360e+00 1.056115804554228674e+02 5.408972575157802254e+01 2.850066555410789704e+01 5.718507637198296800e-01 6.230389213613759525e-01 1.596528961478536290e+00 5.904740895256428423e-01 3.040192785518076590e-01
5.768551389509651628e+00 7.197241420285872771e+00 2.292855808106816085e+02 1.513691531453209649e+01 5.342150618692510733e+00 4.546414772102807866e+00 1.131740207246392238e+00 1.011402425930117754e+00 6.037845457569557261e-02 2.246739201448449408e-01
1.126178010115790471e+02 8.344969517949635929e+00 2.467039302229996878e+01 8.768286620110263385e+00 1.351187751828748240e+01 9.290404695477249675e+00 1.053633862604071547e+00 1.279090445163068246e+00 1.798163524126172863e-01 2.814595527251297358e-01
9.620534193339885576e+01 4.557645173201384736e+00 3.375929323253581060e+01 1.390395216343267570e+01 2.329669732503660384e+01 7.769081302971059699e+00 1.159658658306719436e+00 1.769857856910328486e+00 8.662641829832757878e-01 2.952362952776421690e-01
