3.373798220477384291e+01 7.287167192526839976e+00 2.792294689054733112e+02 5.891168327513224057e+01 2.802601922474862839e+00 1.016495112757214869e+01 3.227562817940020090e-01 1.888301323901897311e+00 6.981927175395639118e-01 1.808603354372290417e-01
1.162082133430324937e+01 1.585628918182191782e+01 2.289611240053969610e+01 4.100607628607122912e+00 5.915702114160989566e+00 2.346804527521866746e+00 4.013274078348965657e-01 1.873444053679406363e+00 7.883546225656690165e-01 3.214503205383154594e-01
6.951364144313031090e+01 3.549928090625447119e+00 7.977408619794209699e+01 1.413753049613713664e+01 8.253874529162425588e+00 7.723265422514676848e-01 8.448423199949243179e-01 1.838426726991492011e+00 5.440393818971784867e-01 2.347763373537080922e-01
7.922380682679101938e+01 8.267050758319593129e+00 5.175196962634755948e+01 2.206746935769853035e+00 5.363815884092510977e+00 4.714827002815014545e+00 1.902505587639380935e-01 1.980247821917726636e+00 6.337200364108688255e-01 3.868592322169551734e-01
1.098183149517768697e+02 8.602337509283410455e+00 2.768267195328269281e+02 4.176593829060922047e+01 1.428953499440729402e+01 4.464666780654805933e+00 6.068818762657893773e-01 1.976649206777818968e+00 7.380639237394952534e-01 3.780206972735271620e-01
7.037575902328489974e+01 7.084888870266423666e+00 2.273823494823724332e+02 5.490452231133023275e+01 2.531679405678438499e+01 7.399256171366587864e+00 1.456021901006593566e+00 1.176624274577399820e+00 2.313824140955673681e-01 3.876838599290974852e-01
5.756702559744172731e+01 1.581424833557222520e+00 1.526052663975969494e+02 2.406528633078040613e+01 1.405640665406660439e+01 1.009229409697076285e+01 4.922327247870266209e-01 1.902478017667276644e+00 8.540514105078564899e-01 3.049068960840555786e-01
1.437725817785449856e+01 1.502700380511298128e+01 2.689252148854835127e+02 3.000260951147745558e+01 3.021126876840527586e+01 3.620436857504708339e+00 6.915613632666419708e-01 1.130400042004459316e+00 1.809191299483050575e-01 3.261303326421566284e-01
1.128841739942210509e+01 5.848219086403307898e+00 1.605452208445223903e+02 1.043949040407516904e+01 1.308447597037255150e+01 7.789106812860950413e+00 5.550616928083964563e-01 1.068790725462464453e+00 5.783226326174526477e-01 3.514161120798019455e-01
7.746515920020891599e+01 3.421058548155893497e+00 1.276534722133365278e+02 4.919545947598953717e+01 2.568144036570579658e+01 2.402393877015357226e+00 3.663210684819306340e-01 1.088328990713672173e+00 1.978986640361983795e-01 1.643783453356516266e-01
2.779860457802537965e+01 7.038694679044009916e+00 1.747521212627437421e+02 5.597159219828199639e+01 2.831753403048539042e+01 2.969432483235066478e+00 1.080320753448257065e+00 1.394855364643170947e+00 7.891777137750759508e-01 3.932965397783052541e-01
4.073860594938638258e+01 1.599678375484086068e+01 2.860526818124014881e+02 5.828437878274079509e+01 2.807015364470387908e+01 7.305383875706278118e+00 9.810068730864187625e-01 1.827229120985256694e+00 1.193714078167038561e-01 1.040421733575164903e-01
7.498765500010264873e+01 4.341819816687970679e+00 2.104059253411828934e+02 7.288285085184692313e+00 2.630351014260657294e+01 2.638267952129539129e+00 6.633963459030547960e-02 1.299666350996062425e+00 6.885913001345809192e-01 3.011140356604148360e-01
1.507411243524837019e+01 6.754840231825205876e+00 8.628333467797904177e+01 5.790694728013691339e+00 1.756070174836798614e+01 1.015125352139205539e+01 6.166923941496639250e-01 1.610904620036867740e+00 3.335062640332908668e-01 1.500921336029601705e-01
1.109567458769635380e+02 7.089016567949804504e+00 2.652018626996555781e+02 1.690698804474048700e+01 1.524897190911964806e+01 6.570318748275385978e+00 5.282954208462941059e-01 1.928843548419068910e+00 2.809285578054510069e-02 2.752828576287797424e-01
8.509255981032868021e+01 1.296605475845323241e+01 3.020299888100413455e+02 6.702143564631800388e+00 1.945704512284257959e+01 2.269729416430310120e+00 2.467030028946806952e-01 1.578641999542675034e+00 5.757662429144325689e-01 3.005395060717265254e-01
1.205259530295688775e+00 5.124948198040047309e+00 9.474482396273714357e+01 2.992190318088007217e+01 8.421634179279406496e+00 7.749426730333802027e+00 1.493326117141477560e+00 1.052382546279271747e+00 2.713044457871145454e-01 2.406391282861152225e-01
2.751767369140354447e+01 1.484471077782741233e+01 2.380688674000674041e+02 4.407186896475032967e+01 3.966899289036296850e+00 4.999698973028116278e+00 1.176143683526601702e+00 1.508448559561017088e+00 4.045738832858587486e-01 4.398380679282327677e-01
1.071113628327126435e+02 1.322543767118467350e+01 1.573698588979907527e+02 2.917661651523994948e+01 2.959140406239519194e+01 8.676658804097522548e+00 4.693677628703542548e-01 1.114267698500324144e+00 4.613715021637345703e-01 1.582888743858804348e-01
4.332783669218600409e+01 8.311444449969078718e+00 2.032676388259141902e+02 7.545963157573231328e+00 2.204970477961164121e+01 7.242746404699267337e-01 4.115696872576990462e-01 1.735339737831258722e+00 2.984197722791273044e-01 3.841551508308865825e-01
6.497199411208191577e+01 1.049272424268918869e+01 2.333690190701705092e+01 1.973426921873090478e+01 3.521474346696813917e+00 9.375194939633814784e+00 1.059455037146481926e+00 1.078438594793210470e+00 3.276785328012268295e-01 4.021382490969105383e-01
4.202882806757859413e+01 2.613010225776631223e+00 1.033073730876223664e+02 3.451372774838206681e+01 1.148439679300215666e+01 9.487196565863673214e+00 1.413980374393815520e+00 1.208037366170118254e+00 1.444261502266375174e-01 1.500641445919327077e-01
4.967620307040642302e+01 1.972843249585437775e+00 6.142727572029852467e+01 5.531179367894303311e+00 9.888455958347609709e+00 8.960227301315072168e+00 1.327950155855816661e+00 1.108539595750709372e+00 6.584735861574624316e-01 1.884536041592210498e-01
8.006404144790927546e+01 4.690530978033304876e+00 2.387529046485338426e+02 2.637464835673240771e+01 2.996500268354464325e+01 2.395386226841205612e+00 1.329908097456708127e+00 1.352451295453845459e+00 9.572774743785870122e-01 2.233671294773446059e-01
4.443159106369490985e+01 3.609236716558723579e+00 1.394230273373114528e+02 4.837474310527047550e+01 2.791923049251743549e+01 7.716320753637793572e+00 1.327484349028940358e-01 1.141508852346014180e+00 8.106134117556667018e-01 2.330542535134674798e-01
1.159231145544170687e+02 6.031330740149976499e+00 2.979906802726801516e+02 4.416086325551066238e+01 1.330562785702949924e+01 6.408595437037237552e+00 2.345573695874604570e-01 1.872820416511317365e+00 3.830594828147608766e-01 3.759800088041028721e-01
9.678524450102322874e+01 3.197527419072820010e+00 1.360318145360875803e+02 5.020477570247211929e+01 1.517659539546275127e+01 8.541680831045592726e+00 7.783962361231135940e-01 1.915485337024232182e+00 1.431804620089953684e-01 3.294993583845808871e-01
2.124932197478459983e+01 1.265616266567034209e+01 1.877582246272474720e+02 4.460870420773082934e+00 1.994959387395989836e+01 4.168438806075304370e+00 4.514541020370106406e-01 1.209755397660940313e+00 1.065741400352360202e-02 1.335502487356738932e-01
7.391101087897281730e+01 1.409506414977888156e+01 8.887346769264658519e+01 5.168932331960522930e+01 8.524865160463139802e+00 8.474887112803912714e+00 3.034775020031875159e-01 1.327711356890267425e+00 4.383988471303974510e-01 4.313843803602820381e-01
4.597556121963494036e+01 1.303013578769347980e+01 2.190174914727134876e+02 4.798046385251627299e+00 2.373310566316693127e+00 7.139316226887984840e+00 3.863122964940551296e-01 1.578166747738767528e+00 2.851971914926723084e-01 1.509174625042756235e-01
8.710990503942625196e+01 1.291581023667356609e+00 2.331585410237061069e+02 2.348300353999418277e+01 1.556731608114938492e+00 4.784769124584686395e+00 5.023199388656603981e-01 1.380763387819730292e+00 1.994946327239945916e-01 2.966937817406025690e-01
1.071115096995283977e+02 6.251050982754252416e+00 8.673045052716436487e+01 4.980436248266627075e+01 9.528741574276498483e+00 3.476635967310264697e+00 1.318879243042189384e-02 1.468497572292137177e+00 2.693326333624010971e-01 2.205384039484105108e-01
4.812322832243665260e+01 4.577212604920844363e+00 1.682411901134563834e+02 3.737314680888835738e+01 1.574468410783278927e+01 6.751957812045203511e+00 9.222202262155837493e-01 1.826426998887589415e+00 9.180392487544208890e-01 4.089176001506986680e-01
1.073815465573476899e+02 4.790049849529905757e+00 1.363531269095393270e+02 3.160658862784188017e+01 1.330342700707804937e+01 1.784203560753857554e+00 1.129786951224656777e+00 1.704763399885153907e+00 4.515044988653436064e-01 2.242980731752238222e-01
1.791862287649449215e+01 1.095106056644544879e+01 2.367734017407395584e+02 9.022665676149781433e+00 2.131479478978309317e+01 3.300331170657815782e+00 1.080688725632999336e+00 1.832676645281880345e+00 8.570534061575867391e-01 1.640164803915514224e-01
6.656605624490850914e+01 1.258961715517498803e+01 2.999431465203680887e+02 3.687825518571072791e+01 2.829547922853539177e+01 5.285861387940401279e+00 1.348754085362018351e+00 1.943947006099822072e+00 4.675347815714940847e-01 3.744793649922845136e-01
7.577911489088960195e+01 3.579481239562978701e+00 6.181453425172409055e+01 6.069820850400990508e+00 2.392387974980352183e+01 2.255687795468702461e+00 3.389085089624752634e-01 1.136552056626311646e+00 1.558280721915481504e-01 3.047059728559894376e-01
3.743954923383621747e+01 4.491933425555224346e+00 1.934361883198853036e+02 5.331925399995667902e+01 2.955181792380297168e+01 1.004485354544135411e+01 1.425342191334840969e+00 1.418122722896271171e+00 7.537224070649519714e-01 1.431282738342532501e-01
1.114447193700999748e+02 6.036421392953882581e+00 1.189572421543644793e+02 3.021679260320215832e+01 1.665323359189565622e+01 3.510747739025204428e+00 7.113657416176781823e-01 1.181532379369304886e+00 6.613184971826009395e-01 1.562518858564825586e-01
5.185256337392083026e+01 8.938571077949013954e+00 1.355264169760627624e+02 4.054201125350009249e+01 2.691295831302310404e+01 9.981578609858443585e+00 1.223623063039152248e+00 1.567519899212383105e+00 9.367430062528658841e-01 2.692157991412625906e-01
2.113075958177192248e+01 1.442120006631540186e+01 2.029444798866382484e+02 4.234008483628209518e+01 2.742998016354733792e+01 6.554632037020604152e+00 5.850484331505831914e-01 1.930979724669021902e+00 1.766428867903988564e-01 3.840875159397325600e-01
3.291041065528631293e+01 1.356622938578909476e+01 1.483778604643964059e+02 3.167606113610367480e+00 4.515160813250985505e+00 5.890653616367655054e+00 2.661209391845926683e-02 1.950995774137383565e+00 1.831938873832938963e-01 1.216075648301772338e-01
1.143405893922425776e+02 1.160269188701996157e+01 3.047912196439422132e+02 2.242898002372218613e+01 2.975550783817980616e+01 1.915297830397732159e+00 6.346177680123669118e-01 1.648651472891732306e+00 7.224484576298200178e-01 4.328079130153109633e-01
8.264283712990656738e+01 3.825348873660392890e+00 2.722508452233038270e+02 4.333033122448996011e+01 2.575971099003602305e+01 6.731650124013448533e+00 1.447600855050060753e+00 1.924823856236004715e+00 9.798394245040855655e-01 3.583673132785201165e-01
7.990051052147560995e+01 2.999886438089880869e+00 4.182641778771595398e+01 5.142400978684115387e+00 1.821695207591890409e+01 6.320826961922388243e+00 3.927906450859998677e-01 1.348590894109499061e+00 8.285218979989639188e-02 3.049686631073119103e-01
3.065028266377308697e+01 1.376910109540680516e+01 1.962106332092649836e+02 2.554856170972062301e+00 9.912510312143300695e+00 6.874098966269102995e+00 1.466700423226147576e+00 1.461120332736691507e+00 7.247788941951045505e-01 2.158445015843825643e-01
1.035601256912202501e+02 1.300416979696017528e+01 1.630853734697960533e+01 4.168430611485642601e+01 9.151284363506020370e+00 1.476586509646632184e+00 9.470176182555845035e-01 1.822005528650629147e+00 1.706520676135432346e-01 4.047341733739031611e-01
7.335910034883940511e+01 1.044672317446294585e+01 2.716084607615256346e+02 2.290246691677715418e+01 1.390212518669392772e+01 4.987923309992499554e+00 5.733241704552815010e-01 1.677416898699589209e+00 2.366425130168086088e-01 2.313264055980635281e-01
1.111566249786138094e+01 9.918481946463893806e+00 1.842374600376891749e+02 2.340395785711150012e+01 1.618156546172271604e+01 4.482847746351680485e+00 1.440511821823594607e-01 1.978721078103159448e+00 8.747982726980214618e-01 3.540645879057395806e-01
2.999699432603336646e+01 8.032421808389056395e+00 9.386912026085113325e+01 4.539557332392640632e+01 5.190188467890238577e+00 3.803205687785562450e+00 6.226202327201087183e-02 1.526789378721065127e+00 6.624489939248743298e-01 4.496075435464151893e-01
3.725826396356335835e+01 1.499605973339814824e+01 5.480579730935986049e+01 1.635340713794204959e+01 8.658083309571832586e+00 7.139578350266155837e+00 1.296107464388286667e-01 1.412537089002141588e+00 4.748551157797109568e-02 2.010997545951763721e-01
1.357928911958652485e+01 1.042858228126957520e+01 1.148351395508920092e+02 4.357063465673771674e+01 1.329092127944950086e+01 3.967131270640054552e+00 1.193321348655092429e+00 1.296301601025858341e+00 9.365431448920393809e-01 2.898850244002459942e-01
8.211182938867008829e+01 2.530890282782130463e+00 1.860419472494084800e+02 8.072165538026041531e+00 1.691667402037306545e+01 5.923194266997944268e+00 3.579575443299179427e-01 1.890351560001574338e+00 5.413108451632495655e-01 3.650989959511692362e-01
1.158544046580625491e+02 1.322044330759910657e+01 1.195763032778628343e+02 2.569518111931263604e+01 5.707897006161416265e+00 5.109904447299736807e-01 4.815198253486656643e-01 1.113661058469444631e+00 2.103246604856690016e-01 3.442882481840144893e-01
9.481388077619943999e+01 1.585552371133604765e+01 1.623088030014618255e+02 1.634862246717261769e+01 8.336162055664658510e+00 3.451410191017400209e+00 7.783972049520004877e-01 1.997057838567043886e+00 5.857822787162081379e-01 2.539795958382263796e-01
3.381345225511388719e+01 4.206842953280018449e+00 2.811145617948182007e+02 1.723575088650634868e+01 7.827115973563938844e+00 8.690291923007729125e+00 9.662319067908108350e-01 1.716212857383053070e+00 7.947382357909935635e-01 3.745885861591347066e-01
1.022431482665565916e+01 8.395995566041150937e+00 2.399817520234221320e+02 1.739520095156702695e+01 1.683451572000876340e+01 1.004379022934186594e+01 6.582771310021144906e-01 1.112768921503018982e+00 7.910477819222887508e-01 1.189343511781948415e-01
7.544104148126149312e+01 1.143230052614611481e+01 1.402093438446459572e+01 1.168110048046786353e+01 3.815213586172472748e+00 1.104647867326626232e+00 6.986639788647946991e-01 1.385622038747225337e+00 7.876136962744404446e-01 2.342046166650552097e-01
8.105062645364359497e+00 1.522696135610298995e+01 2.020622738257625315e+02 4.032646865335632214e+01 2.449137175521359922e+01 7.258343039119148798e+00 7.970474802047774476e-01 1.356425549199525848e+00 3.182218292829499529e-01 2.038225573014429415e-01
2.738521016036076006e+01 1.034021760008953095e+01 1.880438568557098336e+02 5.322244933450663495e+01 1.741633652228149032e+01 2.306044361676935495e+00 6.172417715022413542e-01 1.330830432472427605e+00 2.055730381524700778e-01 2.325718569014910975e-01
7.063553697408383414e+01 1.223409789527838853e+01 1.520888118407114575e+02 3.785559507968697091e+01 4.509687120133523131e+00 8.949299716359402357e-01 2.363304343742656799e-01 1.906439345291013998e+00 4.039200489449887854e-01 1.499174446038715192e-01
3.659825376783501838e+00 2.939616215342738759e+00 2.604949135816941634e+02 2.373883193841594164e+01 9.516802871755960069e+00 7.852922088878734108e+00 9.114903987933151708e-01 1.888457994623766734e+00 8.236902597112449875e-01 2.022425450876021713e-01
2.958142648292641042e+01 8.377187051792326145e+00 2.410590476194319649e+02 2.683025772043677293e+01 7.962581608193260330e+00 5.464709962039244751e+00 5.962294175848448230e-01 1.839881367569713877e+00 4.482066885166924308e-02 1.815129307349473975e-01
5.828205961424239234e+01 6.986519104682439973e+00 1.378428515494144619e+02 5.369241418880403671e+01 2.456897020391571118e+01 9.728667270507424192e+00 2.319721450029316456e-01 1.785573136756161805e+00 6.100697241618464606e-01 2.136659406300646380e-01
4.655822853639256920e+01 2.382383655614771722e+00 7.211123934706985494e+01 3.462125232121162810e+01 8.004764703487111888e+00 9.314300272106336820e+00 7.891815420672440573e-02 1.276389867875557194e+00 4.666586290549952221e-01 2.396940669950144709e-01
7.804414165223305133e+01 1.979494312053215133e+00 8.450984225963651397e+01 2.842632487665409258e+01 2.908022169798049728e+00 1.796981602254732024e+00 8.877376193649868519e-01 1.272017812293741112e+00 6.937135828399683124e-01 2.038797882273579720e-01
1.570413438012781349e+01 1.109361548228160688e+00 1.329921349485341295e+02 4.378545525329077037e+01 2.128627723830546969e+01 9.971712531968935922e-01 4.150889267129906912e-01 1.872532745883220162e+00 2.399187925612618066e-01 1.762027045465240638e-01
1.062092334314435220e+02 1.040989272723728298e+01 1.679419879153751367e+02 4.099135946277333176e+01 1.007413099124986289e+01 1.879685242922575883e+00 1.171880061532796446e+00 1.421194751209397644e+00 2.312457977775785878e-01 3.291960477283677466e-01
9.796827796204935623e+01 1.357330947160560974e+01 2.560986140592896163e+02 1.651726774040080059e+01 7.964137886108628273e+00 8.410477499162244186e+00 2.428964380705033940e-02 1.238049240995422462e+00 7.542338596190216737e-01 2.614521182052801374e-01
6.672788012027238835e+01 1.022183712444964954e+01 1.211582635092350202e+01 4.403983693788055831e+01 2.946359944426087907e+01 7.491642875661961298e+00 1.397682775416244194e+00 1.965387690831447154e+00 4.535298275162746862e-01 3.024698462088694084e-01
3.930712509121677911e+00 1.032706496941023389e+01 5.887501326250962563e+00 2.207561292761388216e+01 2.814622156560896116e+01 6.718607037059134868e+00 2.815793115121084100e-01 1.530105391098446788e+00 9.222764865549111235e-01 3.452438987897631928e-01
2.359689620943263932e+01 1.482451023530724754e+01 1.344105216955963158e+02 4.098387565056344783e+01 2.414582438840625400e+01 5.274761728116647674e+00 1.419196306486048664e+00 1.723076979867316672e+00 9.975730887116944778e-01 3.259219725029617321e-01
7.036906026821666771e+00 2.143472178320687149e+00 1.826232604375480264e+02 4.424485179692098313e+01 2.822275979580457062e+01 3.924925763509427679e+00 2.413435675030724259e-01 1.801172594014712969e+00 1.817086632411069047e-01 3.508441160007274018e-01
1.336410884018417811e+01 1.445168603318358436e+01 4.131345140851589548e+01 1.563233249003861758e+01 3.688272391306041342e+00 8.496425418128989548e+00 6.140583098916827520e-01 1.592860921667539120e+00 7.272343201321811446e-01 4.237905161458156433e-01
1.168416172557906094e+02 1.082922237490992146e+00 3.578514428866562014e+00 5.625304336189201138e+01 6.994508638521763189e+00 2.491457129372081525e+00 3.851134722130660215e-01 1.516581914399604214e+00 8.664189845873759843e-01 3.065460605395384786e-01
6.618354992761112499e+01 1.004411396429449432e+01 2.997019174005858986e+02 5.084204446313130177e+01 9.391464854094557779e+00 3.287079406881616261e+00 6.702672202493608067e-01 1.055223345631507881e+00 2.235250344010180079e-01 2.418024233855727567e-01
7.881294930791256093e+01 2.581213015612444650e+00 2.999430815991881900e+02 4.827102439705083015e+01 3.172961045341879505e+00 3.085946996841950174e+00 8.493688310212764714e-01 1.276862441062830422e+00 9.836688320850197620e-01 1.002228513273220878e-01
4.938439271627067484e+01 3.295471944470430792e+00 2.057766378332179329e+02 2.326709779137280520e+01 8.182891046390693646e+00 7.380160711853471334e+00 1.642881521500423325e-01 1.541425592510292875e+00 1.167537537700633621e-01 2.799954864902512996e-01
9.338464910579378397e+01 3.665002969792441334e+00 2.194230659804107120e+01 5.422361293804294213e+00 2.772812182558513783e+01 9.812141429334090503e+00 1.240499563117902548e+00 1.646841238820179409e+00 4.377799334157794764e-01 1.977231198643037424e-01
1.052404787090389391e+02 9.102485885321327075e+00 2.507001628221677549e+02 2.801752684701140339e+01 2.232329432565455818e+01 3.979316765787610510e+00 1.310826951052986633e+00 1.916964352165468677e+00 1.159079005835415010e-01 4.003888716521011304e-01
9.059004872326619306e+01 5.879375742809272332e+00 1.227910414422544108e+02 1.565274412590666486e+01 2.278135246038453587e+01 9.659645442593475906e+00 5.442724459051158092e-01 1.668271422859510800e+00 2.816257628720992834e-01 3.359908224187672654e-01
8.156318962917243454e+00 8.916476246781368076e+00 1.135672486344088270e+02 4.457933573563076379e+01 1.220851651735725873e+01 7.747341102132498492e+00 7.104736209000099834e-01 1.296868954101980886e+00 7.136035856520270837e-01 4.462077140434433931e-01
5.794846336002134990e+01 1.157640062795728042e+01 2.659492958966520177e+02 2.233682350643216807e+01 2.904329502787986073e+01 9.272045597309517717e+00 1.484847666349564443e+00 1.686157066870923371e+00 1.363460682597872342e-02 1.838257224870968320e-01
6.791478546675440953e+01 7.694340224547277174e+00 2.563670795222046763e+02 2.383531464821711410e+01 1.777647348509157865e+01 6.448171076180658545e+00 2.073925560198438545e-01 1.691847281044123408e+00 6.803685469752636106e-01 2.507980397831749975e-01
1.164562892218165899e+02 1.291397681928599050e+00 9.685417450121684624e+01 5.317191159239339981e+01 5.869405140713549685e+00 9.260646964220978106e+00 1.163708486784486906e+00 1.795576094931955469e+00 5.142652418601751929e-01 2.600821928761603008e-01
2.498331941702007342e+01 6.244244820604624380e+00 2.069705068985575167e+02 4.948900443315213948e+01 2.992901128304450964e+01 7.952320682043575673e+00 1.763563243451733986e-01 1.392990387259029017e+00 9.123996355810224390e-01 1.697605198857259357e-01
7.549181968230202244e+01 1.335292771504795972e+00 2.574311161249839870e+02 3.459367859824281055e+01 3.024364519382054439e+01 5.459626950368193121e+00 6.387980522505388725e-01 1.494421271546970686e+00 1.786854997063853645e-01 4.447790897885579575e-01
5.725743733125393220e+01 5.505965708994891017e+00 2.506147252576076028e+02 7.952050542668010813e+00 1.347216695689189336e+01 2.718406099566804457e+00 3.688467188906942307e-02 1.354397653788393274e+00 6.400325873111734065e-01 1.571936532644602202e-01
1.295166706323890793e+01 2.768030558558545629e+00 9.816144684087309003e+00 3.501730342815375963e+01 4.884430579644704729e+00 6.420799042914899779e+00 7.838035662999971454e-01 1.357879322418962253e+00 7.837492936171066571e-01 1.039940636449470518e-01
6.881554770726719994e+01 7.802990713370357767e+00 9.721410298028635566e+01 5.873989610519037541e+01 2.802251952940680368e+01 1.407516343104420642e+00 1.011417196416390385e-01 1.260286522476337989e+00 5.595788931785694587e-01 2.372340683539352069e-01
3.931211863166879539e+01 7.236956714052129591e+00 9.051486262029067120e+01 3.035401225346956977e+01 1.314287843831817781e+01 1.597867433006604054e+00 9.456005332069001845e-01 1.268742708188652868e+00 2.148155324445877312e-01 3.481807375057523468e-01
6.000854558000737882e+01 6.957289140917472636e+00 1.643223594507573466e+02 4.978209383741781835e+01 2.078364853501332732e+01 4.503594640808888272e+00 7.180781052497821060e-01 1.098781520683919100e+00 1.394696271881765703e-01 3.250658350321533607e-01
6.660889243866795262e+00 1.109131004193090675e+01 4.526405765115407576e+01 2.575261756682467862e+01 2.422173700137785346e+01 6.250999248419504717e+00 4.786933750614488781e-01 1.810461053012652366e+00 2.381792920427940885e-01 3.822324837108241891e-01
9.923191127713717208e+01 1.564350147827231119e+01 2.975720329876814390e+02 5.649974249132047710e+00 1.701516622022500158e+01 5.679236785595846548e+00 5.853875462204297664e-01 1.209661855293079347e+00 4.852622482872255283e-01 2.624567071897746517e-01
1.067044986337186856e+02 1.237850534752776355e+01 7.727550300716947618e+01 1.810897129529138638e+01 1.064410081745564085e+01 8.865064087629198397e+00 1.788321621896946934e-01 1.996797035603592896e+00 8.919943093542426205e-02 2.523626423522833395e-01
7.637482468389237056e+01 1.525586612881291870e+01 7.304938285256799446e+00 4.105682152814961938e+01 3.557142440586826382e+00 2.318954818182564104e+00 1.167602037566133566e+00 1.719699602302866559e+00 1.136056571839598739e-01 3.456616576217105830e-01
5.420262978235241036e+01 7.488039975190559083e+00 1.195081048426767580e+02 3.561556656980842916e+01 6.232894096278751128e+00 1.133501526814457261e+00 7.085661162638896560e-01 1.444564504655424519e+00 6.338423966484190153e-01 2.389811648547807144e-01
9.909110396929881404e+01 3.040812095881190391e+00 1.578608956199591375e+02 5.930007087878291827e+01 2.600407024672533396e+01 6.889318353585581534e+00 3.441412166153962615e-01 1.727537235584182262e+00 8.226434679616709822e-01 3.135099240153160771e-01
9.808115449057353885e+01 6.156750485002841167e+00 1.867082817076681067e+02 1.624586070528574400e+00 9.025308147130711944e+00 7.565218165994091137e+00 8.152944163082813389e-03 1.323180800666226009e+00 3.279110443235904171e-01 1.758361871986179326e-01
7.904627063914334428e+01 1.280394258111114070e+00 3.016813293548382262e+02 1.195096752840731114e+01 2.558281324642630139e+01 2.752251889444585764e+00 1.455899358735506244e+00 1.961854881157933939e+00 4.984746895604710293e-01 3.409831322365374229e-01
