4.103902029272650509e+01 9.814703294324992555e+00 6.783168774233168108e+01 3.626914004477575837e+00 5.672636593649976078e+00 7.214181512320310574e+00 5.584508761186535164e-01 1.382917238831401718e+00 6.354340872956441011e-01 2.567235505064974777e-01
4.357541331737431989e+01 4.002650809203820437e+00 2.166785874576237703e+01 2.807190399712233031e+01 2.754539581564256601e+00 9.593833118960362061e-01 9.398512596102547301e-01 1.535925974141051809e+00 8.264034717399857399e-01 1.437289018070086466e-01
2.801902091637719749e+00 8.974808741011571556e+00 2.608483942044530295e+02 2.900849892932698992e+01 4.928319638811773373e+00 2.837592183681441504e+00 1.422983749067503245e+00 1.092675051726040847e+00 2.780207664752094576e-01 4.389616881826027273e-01
3.949484106007317052e+01 6.564960022016486541e+00 2.793237512751190934e+02 1.928925791918469557e+01 1.148479025936148190e+01 3.007458962760432009e+00 6.554806050950152674e-01 1.787771018003129431e+00 5.883793758693798281e-01 4.113384712872406590e-01
2.831974569176014356e+01 1.110457407491864501e+01 1.201320386099469602e+02 5.872386200908088938e+01 3.839406315566383121e+00 9.952851849964563513e+00 1.454203717103250026e+00 1.774385907908942128e+00 2.082253429898492936e-01 4.138463061292261269e-01
2.270012127232790533e+01 1.681794900274045323e+00 1.957286212215342687e+02 4.287958283811450144e+01 1.631853551058247120e+01 6.578434524607001066e+00 1.463275024699071336e+00 1.056027116969311397e+00 6.187085429499246114e-01 4.481700041358580577e-01
7.590934510603678120e+01 1.536435729997923083e+01 1.625458557867871434e+02 1.640238849684721600e+01 2.138281077565607902e+01 7.570727855049501187e+00 1.424943848966289339e+00 1.044515455302282625e+00 8.543724311182503417e-01 1.729762012201354615e-01
3.066247939241157994e+01 1.206139546026570741e+01 2.534695854993077191e+01 1.481964761640372963e+01 2.690646992904610357e+01 8.787232783993413676e+00 1.183358618964326148e+00 1.889390664249222418e+00 1.030132499822435932e-01 1.260270637733678090e-01
7.952016854429722059e+01 1.333962688974612298e+01 1.932732766620892448e+02 2.013623816322180815e+01 1.774562568609410818e+01 6.169512888308270604e+00 1.354661559464803933e+00 1.715800833737248787e+00 1.054449908048251672e-01 3.388386980633669165e-01
1.154749018605482860e+02 9.409740743153369280e+00 2.576963241840884962e+02 4.163418331073059164e+01 1.403247008791852224e+01 8.589408956389101846e+00 7.094568681700413881e-01 1.959949436086750874e+00 6.849104225713726901e-01 1.654945126586055970e-01
6.543437528378993306e+01 1.022836143563400135e+01 2.697315152496560131e+02 2.810730496592728400e+01 1.606262027237364975e+01 9.796855435723010430e+00 9.544506495395692625e-01 1.222713257851144375e+00 2.919054757156727131e-01 1.691657637655747393e-01
3.746615694786061823e+00 3.587652995956035706e+00 2.411889612432624403e+02 5.780282676182606139e+01 1.849249505113616410e+00 2.664810006229571648e+00 1.651412559480841258e-01 1.345377643262901435e+00 8.733897059692785625e-02 3.205069615654855264e-01
1.018762318829620170e+02 1.270023228976757856e+01 9.948997465027417775e+01 4.109487245799403610e+01 2.066531946153749999e+01 3.269550777512814310e+00 1.206821538326258381e+00 1.444384314688990756e+00 4.562669131229530883e-01 3.800376756776223663e-01
1.094436485937738439e+02 8.380608213271219853e+00 2.574104139049130140e+02 5.480383866913280144e+01 5.556078897670828631e+00 3.549198307169223465e+00 1.408409490292326316e+00 1.789449415705064661e+00 9.583482550824393709e-01 3.199981911755216402e-01
2.454173804075391985e+01 1.245787538117382276e+01 2.689584193287173548e+02 5.511435608903091321e+01 2.947011054540874753e+00 7.391141509594361558e+00 9.858744579238396533e-01 1.864806749566142008e+00 9.231759688269303155e-01 3.374479468743459831e-01
3.976919546355404123e+01 1.499309393004533675e+01 2.422316822080871077e+02 2.249584773076889377e+01 3.002728623947922060e+01 4.441008205176260049e+00 5.607907915751057099e-02 1.349601697372651010e+00 6.240132233655966143e-01 3.814499818220324912e-01
6.224980018876409105e+01 8.230939124495245451e+00 6.044447449685679175e+01 4.598422476547768412e+01 1.422891051737013157e+01 9.362398476093881428e+00 1.195664284385442810e+00 1.143404416186910577e+00 2.504750424795296748e-01 1.051839022265099455e-01
8.410905213921948587e+01 1.166950297500262757e+01 1.472342044706323065e+02 5.334375656499570084e+01 1.191072129109761413e+01 9.136330941508768788e+00 5.261789980802448197e-01 1.564912062132975512e+00 9.348305842581026148e-01 2.132775963308715106e-01
6.716056414689781207e+01 1.021592876490256074e+01 2.096482456759932234e+02 2.503473101865979800e+01 2.361042394960827906e+01 7.300064858793033018e+00 1.220477381150414375e+00 1.898424589146690433e+00 9.956508230326199804e-01 2.736125881920452585e-01
9.525446455686667946e+01 1.076707157605064324e+01 1.851097753722042967e+02 5.286074264250396482e+01 2.835885121672174591e+01 5.912577711801783487e+00 2.397625748445103566e-01 1.546237551954944944e+00 5.755946272418865917e-02 1.225257332500046953e-01
9.252295929244871786e+01 1.186636653943007680e+01 1.509346041406763916e+01 1.010577960048800072e+01 1.467325092498272099e+01 4.753713566834003146e+00 1.369688501210579723e+00 1.202554767471731845e+00 4.809089342741257322e-01 1.472688369038912815e-01
3.527748602442071046e+01 1.016603701055027820e+01 8.537361444454704440e+01 4.176169146270987653e+01 7.354634607343758290e+00 7.771075255745168775e+00 5.274937529768081168e-01 1.266643799174604901e+00 1.853711679009961699e-01 1.840790302288727587e-01
2.553832090312571523e+01 1.066206869087012699e+01 2.324038508099566798e+02 2.807326121668583241e+01 1.034433707415881720e+01 3.832195691348258659e+00 1.681172858242841184e-01 1.127797805724756852e+00 4.297833898532470442e-01 3.332217122930130060e-01
7.476988941386362342e+01 2.255728047086956067e+00 1.085255462523752072e+02 4.257889714301992257e+01 5.622815040520164231e+00 8.255943022355625160e-01 1.186863747413799297e+00 1.257498485392819720e+00 4.251283350172605502e-01 2.799651424157247881e-01
4.905537355040338809e+01 1.415779737082708500e+01 4.867799695221822986e+01 5.147343957523533930e+01 5.997283263505170048e+00 9.753791953628921263e+00 6.585410598215725164e-01 1.128407074924426379e+00 1.897503364062287368e-01 4.064667075109360539e-01
3.348473297771954549e+01 4.004598872495400030e+00 5.795856625213004776e+01 2.023114847701141805e+00 2.400032110664931650e+01 9.217288962105961048e+00 8.885298499813804041e-01 1.541397632188324041e+00 1.918894425899875245e-02 2.719965648208451103e-01
4.295719906823332934e+01 7.694759510980127004e+00 3.944913279417744434e+01 3.593979485313167999e+01 9.491375164903978146e+00 6.380021137126790087e+00 8.600351746603395187e-01 1.082360826648341545e+00 4.229376579340125009e-01 2.243169474623691872e-01
9.557517548458193346e+01 9.548986031329107504e+00 1.615471760465505895e+02 1.230648106355231253e+00 1.053121782900737280e+01 8.514335604263532531e+00 2.761518135480652281e-01 1.025019210221515875e+00 1.258765573679458960e-01 1.012993364458520396e-01
3.595212677300052917e+01 1.231085183895192969e+01 2.285459077358917170e+02 5.746472846364603271e+01 2.788912073536315361e+01 5.671903123585566142e+00 2.643226326252199332e-01 1.725441204519072347e+00 3.748832269871618106e-01 1.732233871830811678e-01
5.996911630039016217e+01 3.085257337358022767e+00 2.864710354474524934e+02 5.303668052865405258e+01 4.676689831467671254e+00 5.105373149641886599e+00 6.392941574252758441e-01 1.536314950207199104e+00 1.781721742053870017e-01 1.624601985874792598e-01
3.688948523936657153e+01 1.200392839242388909e+01 3.004171432594650923e+02 6.692459300771694153e+00 2.076401251928302472e+01 5.151416104672223106e+00 9.975524736854219920e-01 1.073655214985289597e+00 2.562826246890281823e-01 1.040706580902644451e-01
9.154767240791586858e+01 7.441182714132876796e+00 2.400750804749433200e+02 5.309515659669582988e+01 2.892958109653249288e+00 8.165410156093491523e+00 4.513127088138423892e-01 1.436027747608327187e+00 6.989514814490593864e-01 1.145898723390265939e-01
5.291497988770423433e+01 1.251577219237770855e+01 6.172180170492956108e+01 4.538755140551830181e+01 3.038841832950556565e+01 5.261309843904628636e+00 7.039790693949349309e-01 1.161191819039174344e+00 8.891463669003534243e-01 2.918712700181673725e-01
9.273953151054098498e+01 1.487922533665151903e+01 1.000971679627166964e+02 6.884682444842299631e+00 1.936344078125741319e+01 1.808155454535220530e+00 1.450308593980726313e+00 1.081548070274585438e+00 1.549676726342896771e-02 2.391859529615796842e-01
6.186347376511791651e+01 7.457503716776061609e+00 1.518219828179769593e+01 1.386981513974430769e+01 2.086612283864937467e+01 5.700703182510800993e+00 7.541089565047243148e-02 1.893837814061382296e+00 3.969923669491226548e-01 1.557518633620454673e-01
1.151308539375336579e+02 1.539737168558876945e+01 1.578103354488613377e+02 1.353197648713421408e+01 1.056832599602957146e+01 6.438184778363980065e+00 1.434699631647438745e+00 1.319697287635088534e+00 5.087245699601778970e-01 3.052877325728491353e-01
2.028022979788352487e+01 8.205324869953328104e+00 1.358108754208369362e+02 3.230238467466121932e+01 1.857288230669751172e+01 7.694765468175231327e+00 9.693802531714480475e-01 1.344995533620514161e+00 1.683102659875967966e-01 4.373600874973585517e-01
2.488030882593096393e+01 1.262759561999484781e+01 1.977669077915048490e+02 2.276486581455997360e+00 6.803020720504171948e+00 3.963131132655793198e+00 1.398196783152088285e+00 1.620336310152511672e+00 9.634037026496788947e-02 3.409148079623436911e-01
8.025429974694151269e+01 5.246847827140285858e+00 2.603627671010991662e+02 1.024216126814384431e+01 1.191151763773258132e+01 5.077605758357489840e+00 7.584484143563594571e-01 1.796409076212761802e+00 6.644161606763019368e-01 3.452035959847842284e-01
1.145069901259949603e+02 4.181009807208987183e+00 1.161586904545849563e+01 5.356333298894877970e+01 8.689587178938193546e+00 3.981446738834522492e+00 1.558575480682107828e-01 1.697781841173775286e+00 2.751218988987533809e-01 1.555305123699943504e-01
1.122129242219865546e+02 9.077641076407198639e+00 1.077196079285535291e+02 2.478651382979381879e+01 2.791116670230979224e+01 3.667946178688182624e+00 3.389102887692009292e-01 1.541760937888926097e+00 4.457895331531145366e-01 1.694940480663584548e-01
1.255229595611639937e+01 1.694654564566759003e+00 1.250065124638037446e+02 9.741694491750806151e+00 2.838756619772754775e+01 9.246746269255975648e+00 1.496234423619750231e+00 1.066959971086389514e+00 9.446411385821817941e-01 2.044296874864793834e-01
7.136771732846615635e+01 8.119762032013342790e+00 2.570211222228045926e+02 2.650669045240079846e+00 1.246314055599086679e+01 5.038036351809853208e+00 3.063701939601807256e-01 1.288675900266692320e+00 3.318832420502084712e-01 2.519158719046157291e-01
4.145071140334493975e+01 2.903013206298268756e+00 1.619967816617031815e+02 4.801395532538200683e+01 1.146119422226611562e+01 2.976390992886651876e+00 1.263193493964439362e+00 1.621859758505626470e+00 6.398401260684154490e-01 3.783628082058521080e-01
5.786972188518281257e+01 1.299001779744792096e+01 4.051855864416271658e+00 1.465940852778301284e+01 5.865011149571371263e+00 5.780991974542858181e+00 1.189272153745759120e+00 1.180762947449122580e+00 5.503152652164617908e-01 4.041740725844502613e-01
2.735746495932617250e+01 1.494795708576261184e+01 1.250097625009131264e+02 5.314969465757033618e+01 2.670638690549448313e+01 4.146654401800789813e+00 6.046232667350082135e-01 1.435785148899804131e+00 9.334063938145420458e-02 3.860145806517603084e-01
3.805816766775077298e+01 1.029250930398987407e+01 1.690247961034421564e+02 2.838527807931318492e+01 1.805552976065544257e+01 9.385969855347646273e+00 1.467695629877041386e+00 1.255675171057254014e+00 1.012017550753212536e-01 2.226159171140547899e-01
7.800126317570307322e+01 1.299849872470471190e+01 1.620185570045568397e+02 4.600274747829966770e+01 3.095299129108332270e+00 1.003978242060484405e+01 1.350163119568030368e+00 1.879003479386196496e+00 2.254526404909895643e-01 3.608994056156124008e-01
6.219856342096841217e+01 8.056829419628297018e+00 1.096590573567224780e+01 3.930059151161741937e+01 2.786463204029290708e+00 8.657679515648606383e+00 1.134167011935747871e+00 1.734087937066898011e+00 9.557707361842915361e-02 2.434010813867533707e-01
4.833505656433966635e+01 5.430796953123049775e+00 1.652667905732455722e+02 2.795593081298075333e+01 2.718242570907436573e+01 1.966255723121735466e+00 5.841466317551239351e-01 1.036210857734745083e+00 7.445189556343294601e-01 2.264844347243201161e-01
5.719861390135029922e+01 5.952267379153808768e+00 1.422545382392736428e+02 1.288135453131045516e+01 6.136196598224662679e+00 3.269374906517163559e+00 8.601813530573548805e-01 1.285096951771365514e+00 4.298013422083168944e-01 3.256712456771221342e-01
4.011893699065340257e+01 1.542953976274800709e+01 7.226531654764934842e+01 4.935647473910768923e+01 1.079812932182956864e+01 4.085363705551537272e+00 4.546032962501841274e-02 1.018987237835826898e+00 2.182105012842836533e-01 4.011948486591256913e-01
2.619132718397873916e+01 1.361308865608770446e+01 7.417013217728479901e+01 1.799318002899757829e+01 2.046857647700236882e+01 5.230621725841501757e+00 1.383290128927471274e+00 1.778857561477781513e+00 8.789585084540230131e-01 4.351850067903365593e-01
3.960132854560723104e+01 8.468344976266045876e+00 2.930466665395487667e+02 4.399566494972402353e+01 2.404451661755275360e+00 4.706249599920778515e+00 6.206281856127222607e-01 1.473856908002823207e+00 6.687917737673765295e-01 4.079747004913854003e-01
5.189655530021057217e+01 6.170644379541022850e+00 1.705679819951991192e+02 2.519321975305995664e+00 2.926254428629476223e+01 3.883253815022830402e+00 8.728929475971208829e-02 1.432534894206233922e+00 5.925476005164103110e-01 3.893474591726707734e-01
3.522892484760460974e+01 1.980328035938121678e+00 1.297858293573568460e+02 3.833748329020385626e+01 3.001800187171159351e+01 4.700157826028724450e+00 4.755790637331757664e-01 1.489357244463470620e+00 5.496356880792292454e-01 2.523260699704893417e-01
8.040738259861669235e+01 7.687735671638376900e+00 1.028853768291196360e+02 7.259704819085514238e+00 1.568008889682948270e+00 5.772826757234184925e+00 4.555942165201604666e-01 1.497275871142391024e+00 6.237853048158967795e-01 4.404678775971367921e-01
7.250036536412777366e+01 1.570306048840196311e+01 2.856077412041937009e+02 4.963378985461664783e+00 1.781537338780443491e+01 7.381951634934714512e+00 1.265726567277026593e+00 1.476242500625834397e+00 5.928636861896621202e-01 1.262200382924014708e-01
1.150429025014109072e+02 8.522174460423222797e+00 1.560871297290891846e+02 3.409565642544768593e+01 1.494455274696585612e+01 1.031864247898538700e+00 1.033840599119157266e+00 1.750720559610665417e+00 6.215259082075492714e-01 3.153521848077975864e-01
6.040499673289672700e+01 1.580132605968763215e+01 2.117084355080254738e+02 4.534886162916223640e+01 1.072415836646649545e+01 5.991625047129879533e+00 5.996622294385746121e-01 1.125773460110503610e+00 7.699882774083266490e-01 1.294299565050611167e-01
1.097144892773065123e+02 7.824081776330998217e+00 2.999120051770663054e+02 8.150390688050865862e+00 1.651848095001913563e+01 5.768411353898779126e+00 8.988818767685706757e-01 1.327432206922641633e+00 1.621372765387014692e-01 2.048240891348931669e-01
9.372749236973955078e+01 5.419008099514148746e+00 2.755589894554083799e+02 2.271724385723557660e+01 1.836153083634054539e+01 7.700316491674507269e+00 1.319714317668529313e+00 1.176965641627707226e+00 6.324773355376178685e-01 2.956793731645658285e-01
1.069765170623125101e+02 5.930772283932197908e+00 1.978811470760994098e+02 3.773871689721344325e+01 4.057935696376956614e+00 6.696780000042732439e+00 7.426018996171633857e-01 1.280406816305276418e+00 4.109535413304910012e-01 1.121328651065264664e-01
5.871891730893813133e+01 1.050415628146371994e+01 4.927079945225301572e+01 1.481992136899389578e+01 1.015975174789494062e+01 4.041635807219223331e+00 2.146905599118084373e-01 1.531752661582802988e+00 8.093017649760119170e-01 4.399813835861123845e-01
5.239295376797744552e+01 5.598309409610433107e+00 4.222952990007628671e+01 7.286253361189384492e+00 1.042578819746334950e+01 5.139047342985418876e-01 5.802866319707321585e-01 1.444239382403957439e+00 9.848807405961406136e-01 1.074493627526022371e-01
5.641305603887729170e+00 3.700536890855485872e+00 2.926524681749831416e+02 4.459841297740717891e+01 6.770156997090760242e+00 6.032282124459736217e+00 2.254930384856779213e-01 1.731357565657189124e+00 6.792251275932768007e-01 4.244205385206124559e-01
1.043543960538878395e+02 1.456057723722872055e+01 2.095642388483457239e+02 1.212613705481171955e+01 2.096301497070503217e+01 4.364861082602994102e+00 3.927535557669078470e-01 1.933174677954599296e+00 2.110937349588319911e-01 4.017073410368791064e-01
8.188036262514042818e+00 9.331405722956933602e+00 2.717750573312496272e+02 3.450003347303569257e+01 1.417163856938993938e+01 7.465857610727771210e+00 9.867031125378719070e-01 1.672665947225008942e+00 8.805601946460039908e-01 1.945804289966064637e-01
4.230448887554011606e+01 8.063223601769283988e+00 1.891671090205807815e+00 5.200611556588174267e+01 1.679953919287184760e+01 6.895431399450142607e+00 1.189335433153485777e+00 1.482110361244800334e+00 4.171281271291895631e-01 1.294189273789530248e-01
1.057677249835853814e+02 1.254716711525140127e+01 2.216533434223575227e+02 3.404863011919681526e+01 9.816989634958970257e+00 5.015885666292912326e+00 8.539897331834156446e-02 1.139265404607146870e+00 7.076002012541005026e-01 2.734223494166106994e-01
9.949083828621701286e+01 6.926312612001968461e+00 1.404306815521857459e+02 5.890512585115921951e+01 2.345508811691684059e+01 6.188391125796085745e+00 9.456558045381098232e-01 1.717414482941087117e+00 1.141136800486561853e-01 3.093593683474826772e-01
5.966760671570386876e+01 3.756888424877914634e+00 2.037198481713067224e+02 6.371533326665931085e+00 2.861527231910758218e+01 9.299649629337617185e+00 7.731422903112330491e-01 1.161578237815678261e+00 7.820518935994562604e-01 4.267117093918962878e-01
1.167178715790348349e+02 1.475058603659509471e+00 2.187071187220031732e+02 1.878648625510320969e+00 1.813588962481620470e+01 1.726132461770109705e+00 3.113628259176622337e-01 1.466136914808668923e+00 1.336078988136708556e-01 1.076705232848453875e-01
7.869013731223867580e+01 1.246178735877021770e+00 1.975726734769678785e+02 3.164180799454336679e+01 2.426243256075843568e+00 8.293239362013942184e+00 1.111369425316877546e+00 1.387057910329684507e+00 3.871888739170978866e-01 1.176572161519496840e-01
5.695678179934304808e+01 2.188272280234921041e+00 2.704324918707534948e+02 8.554821106867507297e+00 1.893822079539327063e+01 3.790792170195305566e+00 1.248098411355551551e+00 1.831981663646776282e+00 1.962587357923990528e-01 1.819798993963601397e-01
1.012398125650909861e+02 6.594910246612258220e+00 2.098176159008277182e+02 2.295153875694155943e+01 2.408373166244430763e+00 6.621798525783897382e-01 1.296647193247278729e+00 1.461815267461043844e+00 4.521103998374353949e-01 3.181994044409276468e-01
1.566364939993653493e+01 8.785784676820547645e+00 1.449622872125440836e+02 8.701654909996179299e+00 1.073074384442132789e+01 2.914003979912113351e+00 3.531376190888492750e-01 1.426250189723295314e+00 8.117706395728367941e-01 3.113039702131925601e-01
6.771788957785656748e+01 1.331914007323167226e+01 1.388449018174025298e+02 8.113117798783392232e+00 8.321736861019868314e+00 9.644656324460211039e+00 4.093272744986921619e-01 1.495950265517608679e+00 1.799304807742818646e-02 3.147112176904904302e-01
1.717256562339306569e+01 9.067379671844200573e+00 2.988602159126413653e+02 5.287281350355204523e+01 2.606167555331711583e+01 2.088073073478810215e+00 8.224299154455859684e-01 1.813898779696699437e+00 6.916070371797629068e-01 2.279976840486017398e-01
8.374862699601368377e+01 3.926882814498488194e+00 4.807250687557407787e+01 5.573208589873433993e+01 1.985191678306401286e+01 5.460038975688703999e+00 1.066738214353816216e+00 1.596456437407380413e+00 5.261468926064283291e-01 3.515715193881925327e-01
8.383908557063465139e+01 8.736059260332718068e+00 2.016147771049879509e+02 4.709314685274254231e+01 2.290723112091160374e+01 3.655927502448921285e+00 1.363509966269322637e+00 1.904960416102712939e+00 5.400408414130131174e-01 3.336136765558244122e-01
1.040624106243596803e+00 7.715765976889915834e+00 2.550999789571209249e+02 4.032309476399733938e+01 2.314435775248601956e+01 1.595577493457373874e+00 3.091568428430555571e-01 1.426236611754727823e+00 2.271505535213642624e-01 2.005807506053831624e-01
7.781914139397369468e+01 2.496725543465066366e+00 2.582286912951724958e+02 3.549548746687776202e+01 2.196633003297251818e+01 4.022723076670159159e+00 3.210732509564114268e-01 1.887335992545731145e+00 4.550288210366588704e-01 2.912104102636744463e-01
3.024378080875768759e+01 1.283265954251475449e+01 6.361843895303418606e+01 1.528913291905198424e+00 1.583602907439561314e+01 8.683879044863298091e+00 6.681825098783310546e-01 1.352210672283089554e+00 3.961787617668377504e-01 4.389853039583169192e-01
1.061490802420044055e+01 5.636230873192699775e+00 1.356117580405425542e+02 4.523649141407955199e+01 1.384476887299682346e+01 5.690074889638565558e+00 1.299105629091847236e+00 1.432259992051260200e+00 2.183850587899236473e-01 1.174256177887592623e-01
5.752101879571058873e+01 3.668343636050690471e+00 1.771847001566512176e+02 3.455667583736853032e+01 2.898500761479988697e+01 9.879497052475873176e+00 8.277644470900707985e-01 1.493531151299588577e+00 6.115356973128276419e-01 3.584833529935242957e-01
9.882329707112144490e+01 7.366970954595457144e+00 2.568581285554791975e+02 3.876581769888269235e+01 6.417643580691056115e+00 7.196044590612520331e+00 1.182119629029497743e+00 1.282943496695975849e+00 1.596469969666114430e-01 1.700087145854859427e-01
2.098342571215842156e+01 5.247252215800067177e+00 7.785058887640624903e+01 8.086801335866798723e+00 8.010552805380314112e+00 4.847503563274315752e+00 1.046610182740973727e+00 1.709592737634117121e+00 6.371507327298964185e-01 2.091574532041721168e-01
1.112720274696000615e+02 4.154916071233272667e+00 2.965052485056723981e+02 3.723238461799088839e+01 2.236536613299129073e+01 1.482535764193856576e+00 5.743755024752068561e-01 1.374531008219391781e+00 3.587418952472860578e-01 3.871118426476748420e-01
4.195526565577821998e+01 7.287689757371753174e+00 2.240365667439467074e+02 5.619172286641725833e+01 1.842433180443760676e+01 8.955708316825138127e+00 3.617907776447918944e-01 1.406409380851241897e+00 3.266542642268666086e-01 2.033265155167733873e-01
3.036618087761275220e+01 1.380619137862163903e+01 1.554384183578350758e+02 4.181904721256869806e+01 1.287458999579446051e+01 4.024998361572368566e+00 1.707335603873760543e-01 1.072734215413208680e+00 7.262386771087532278e-01 2.039436311098184740e-01
5.216166010126642760e+01 3.474305684847302178e+00 5.824558158486733817e+01 3.993312740804508110e+01 2.491481986143486438e+01 1.003905660199967720e+01 4.091835925509465510e-01 1.613897108911229283e+00 5.307997952191705338e-01 3.832883441565296812e-01
2.203557200615751910e+01 1.524860039880593199e+01 3.696552101175865346e+01 4.224308500741484806e+01 1.182371453473345468e+01 4.639872168640976291e+00 6.120431799987604421e-02 1.119572626436280860e+00 2.027205840884476196e-01 1.321551673433921381e-01
8.451247078627423548e+01 7.032296852034319201e+00 9.256778162253031184e+00 2.146243340133700883e+01 3.029599713377353964e+01 5.796500385942654487e-01 3.999878616546286292e-01 1.106413767736916798e+00 8.651212581689438075e-02 3.749099791415380079e-01
8.047425400293850828e+01 1.157451795286592855e+01 1.032026550985653444e+02 2.526849994928820564e+00 1.424528236352112032e+01 2.184835851534787654e+00 1.492739579842186304e+00 1.001860443155007996e+00 9.026330821993799880e-01 3.564458931094299787e-01
7.369464763507083660e+01 1.621617445448657824e+00 2.079670427809588773e+02 4.442957409764620280e+01 1.425002288633811709e+01 6.469448809937452083e+00 1.416713212379302478e+00 1.792819908148760133e+00 8.260301021748934769e-01 4.207848225534380759e-01
7.653415358493037957e+01 1.371194209880430392e+01 2.245552743660177342e+01 4.548475189045854705e+01 3.018480580646120792e+00 7.986661061697115649e+00 1.277187132622739973e+00 1.337451283076577235e+00 8.412564893305229941e-01 1.512860111860679924e-01
9.917073839301269800e+01 7.566185227458154472e+00 1.003271296202836993e+01 1.771307474343718624e+01 1.320739925208373222e+01 7.316004123359659550e-01 1.398515134033509355e+00 1.644274471238240221e+00 8.686531726027857392e-01 3.665194828791384918e-01
1.610897827513208824e+01 6.617718460720314333e+00 2.270035019640552605e+02 6.598924822929725487e+00 2.362075254260351187e+01 9.723640468041441665e+00 7.517400455864343689e-01 1.864443125322875261e+00 7.641479764539453878e-01 2.335827685149515220e-01
7.286393602009576753e+00 1.188421089290553212e+01 2.445506450296470859e+02 2.090841006366029831e+01 1.594038708452417019e+01 4.995626276088869666e+00 4.535046119740043097e-02 1.717272801347672573e+00 8.533571094933165568e-01 2.522499679276499762e-01
