1.097789403931620740e+02 7.610757958785866251e+00 1.753420525224900643e+02 5.048937653939740500e+01 4.895719505291333817e+00 2.172424417813413999e+00 9.902395590654887725e-01 1.366715938459745816e+00 3.013900744351563077e-01 1.438920906981081271e-01
8.705864268696966235e+01 9.174971027696729564e+00 2.549635721312970418e+02 1.251261378132517699e+01 4.435617559847989000e+00 8.031739400161594489e+00 5.297625778897669946e-01 1.046144097941219986e+00 6.863251128374958654e-01 2.123684959870513755e-01
1.171239375149253092e+01 1.330742564829817809e+01 2.345629905165441471e+02 2.463237737027485608e+01 1.081967840500665723e+01 1.956119225040025444e+00 1.189727687137047685e+00 1.079112732458472612e+00 9.872284878419090859e-01 2.192182618049468568e-01
2.911744060846343274e+01 5.577475512796716828e+00 4.516561323058299138e+01 3.480102680024210571e+01 1.930853406788874693e+01 3.489460011189831068e+00 1.134191091956261221e+00 1.567279674245454668e+00 5.216019968617076064e-01 2.729931307868970758e-01
1.005884112792419245e+02 1.537972691689534166e+01 1.977183471845726501e+02 1.541211955955048651e+01 9.686232157696595735e+00 1.972285451650564347e+00 4.114360567066369101e-01 1.963779802884654258e+00 4.735167515720191123e-01 2.471900982640789779e-01
3.849352085949023206e+01 1.097612225050797363e+01 1.934771533363978335e+02 4.081926782320631553e+00 2.583520584994091962e+01 9.728757656010433408e+00 1.760802060395833812e-01 1.761615974574483712e+00 4.974210661962454871e-01 2.012602206426048479e-01
6.466902454853364191e+01 8.191589719339823716e+00 7.455470194380012572e+01 3.207879179187855812e+00 1.346886097952225114e+01 3.188680404069305752e+00 1.400534694110350920e+00 1.692701823631764579e+00 4.426526828966164118e-01 2.996266430905090705e-01
6.409479509707605160e+00 2.579053810784654122e+00 1.698917208750449248e+01 1.349812323857069707e+01 6.848325011426856790e+00 2.703068223721156738e+00 4.149608561578209120e-01 1.510409577882014798e+00 6.200223137859293132e-01 2.831781617987623179e-01
5.582850842583131623e+01 4.588410133854276651e+00 3.041319093006478624e+02 2.862376204933080093e+00 1.292989748917232085e+01 8.402485737826779655e+00 6.743977363517769108e-01 1.825469133501905539e+00 2.129768659954636156e-01 1.333299701130643555e-01
9.294649523528276802e+01 1.508482743682868943e+01 2.027596875688394960e+02 4.192455828102887239e+01 2.483115117287652041e+01 6.907445039946327192e+00 7.321415028294245286e-02 1.470838743382940184e+00 8.525711584092507955e-01 2.450208871136101418e-01
7.829773533320421564e+01 9.630215421369028306e+00 1.601675280569130564e+02 4.258095953157147306e+01 2.585036362861849923e+01 6.121295738600537995e+00 3.875501471610105775e-02 1.445044797007086990e+00 5.567813185122980624e-01 3.308729172835689347e-01
6.999344743991736095e+01 1.491096662309907117e+01 2.204697934747798627e+01 5.197683621500845419e+01 1.204844678425481241e+01 1.001214858531547902e+00 1.448218519469781862e+00 1.307790348566921779e+00 8.364446089209085500e-01 3.059734421409464056e-01
1.115995555854673853e+02 5.308726217618295884e+00 1.402990855362490947e+02 1.453979764734877378e+01 1.419801478450016141e+01 8.173570134042495994e-01 1.026445357564580219e+00 1.639420253509199732e+00 3.098356456943081039e-01 3.078925937359248133e-01
1.364462949028219407e+00 2.901248085386807674e+00 2.272447724713112791e+02 4.902853924103628458e+01 1.976186965348766122e+01 7.021174721810519159e+00 7.640534799465282800e-01 1.747530159189670140e+00 1.171880476819975314e-02 4.301732096294094143e-01
1.105607683004497517e+02 1.413959391641865970e+01 7.596459044918375980e+01 1.319261418900830840e+01 9.573753451996912744e+00 2.280559200571685707e+00 1.484488499430044461e+00 1.087832586512801125e+00 5.576079179647528417e-01 3.042905804805535741e-01
9.225863687470436503e+01 2.851096689925895156e+00 7.944934238178799291e+00 2.055519880338607308e+01 7.655728403839116680e+00 1.270693930989338583e+00 4.223690885826100749e-01 1.292063434814214595e+00 5.674835219419371857e-01 3.133813951033755929e-01
9.623140001694311252e+01 1.022663392206914068e+01 4.318000199018518970e+01 5.604609597559961998e+01 1.150134831530511370e+01 3.562465780116921721e+00 1.219916499229298346e+00 1.981626790424869666e+00 4.756962546139704706e-01 3.552173219334837651e-01
9.135201004658370039e+01 1.374120309987648625e+01 2.943655084729489317e+02 5.945836222749362854e+00 1.409964736855579659e+01 8.037040346784239730e+00 5.923211735788453530e-02 1.746260769741572183e+00 2.033371932449798969e-01 3.926410921071671334e-01
6.872254979933848063e+01 5.502913528175173319e+00 1.131964486345112562e+02 2.515594495588608837e+01 1.908059171903013507e+01 6.491199744463121313e+00 5.370567302147525313e-01 1.537897081241661468e+00 8.477693015883120964e-01 1.837217959778735255e-01
1.094440095805230300e+02 7.602051606849093091e+00 7.468163010067949870e+01 1.184220196526266378e+01 1.398335069546443421e+01 4.600009764933060019e+00 3.252025972671834797e-01 1.300033363095584038e+00 1.563300128973312830e-01 2.568786596296354086e-01
1.056826830672186475e+02 2.762631487477785086e+00 5.009418925217213570e+01 5.956765816707849126e+01 6.912743637067981339e+00 8.679385228648127892e+00 4.472759228118645125e-01 1.758949254522891303e+00 9.297088632806205233e-01 1.087035005755498940e-01
5.916964317720867683e+01 1.866610681650482606e+00 1.571274856039354688e+02 2.765858191460006665e+01 2.581536004821669295e+01 9.224442342943952156e+00 6.680148606631163277e-01 1.939455776149273225e+00 8.108886969709696579e-01 1.258708982439777913e-01
6.251598090218998749e+01 1.594106784277232336e+01 1.894690164829349897e+02 3.132188513330451940e+01 4.026725019896103319e+00 7.868910777334598983e-01 1.481088358580628705e+00 1.060939086113536600e+00 7.615081674064676509e-01 4.322725322307182649e-01
6.929633289391998119e+01 5.736608964061451488e+00 2.041014201974830371e+02 5.552045382487767000e+01 3.005100062325218602e+01 1.436642830485496125e+00 1.266377654209289272e+00 1.793154612776370893e+00 2.022840745165879195e-01 1.538734111957067441e-01
3.853984164162789483e+01 1.475634822630260068e+01 1.243076240050064456e+02 2.165640696807324872e+01 1.988724508974954119e+01 3.421771920154376367e+00 1.446283003269703160e+00 1.753623515557916068e+00 1.806812860597368786e-01 1.611043924268725225e-01
9.747952838856039648e+01 1.284889387446086317e+01 1.045109140253331361e+02 5.814409993712200020e+01 9.947620449226556971e+00 3.454878938057419635e+00 5.317315507190820689e-01 1.671018131651311966e+00 4.648413020647030880e-01 3.119467927617869396e-01
5.354201549851681818e+01 3.323971777423205154e+00 1.239825476582860233e+02 3.161089206395627738e+00 1.458887752643239821e+01 6.594142196945242951e+00 1.158272804966708147e+00 1.066680832066596807e+00 1.238727886860411243e-01 3.559901202398040310e-01
5.433482983224417495e+01 8.407038545463624502e+00 2.121423385542020768e+01 5.537140502392205121e+01 1.486581935648321284e+01 9.346947109375646434e+00 1.287868622195750934e+00 1.066142995454856468e+00 9.208623393920678524e-02 2.333469592166294015e-01
8.441023513403813183e+00 1.190285748788395992e+01 3.085416080679848960e+00 5.954545644957775608e+01 7.101672626058125104e+00 1.018650255061122678e+01 5.939559015244302853e-02 1.985630422130854278e+00 3.188164170726979219e-01 2.105798189432842027e-01
6.990902269980765027e+01 1.317146054306150482e+01 9.551000946581868334e+01 2.237134106385914833e+01 1.797462877926803060e+01 8.998966894190850496e+00 8.380531774457044003e-01 1.797683594690544506e+00 1.669327544411558506e-01 3.185461544069346784e-01
5.529987570350932202e+01 3.315339852568155443e+00 1.823868850081913706e+01 3.817701667094933526e+01 2.659229482891093710e+01 8.478753054730002958e+00 1.291553102326450153e+00 1.648234614239516338e+00 2.510992721780287429e-01 2.184872227370642239e-01
2.811260142799838935e+00 1.342482245290173992e+01 2.850371506730822944e+02 2.025030458904261010e+01 4.885205122441623971e+00 8.263072537436391585e+00 6.011533560411117527e-01 1.136502675008860486e+00 5.671593263099785620e-01 3.034351534224698499e-01
5.876540171191429351e+01 9.201881734482553199e+00 8.455297110101935232e+01 3.668444608975747911e+01 1.664015853278207668e+00 2.819945839935619869e+00 1.322183033358262039e+00 1.000078473936986789e+00 5.257072070416444198e-01 3.776110896019628793e-01
2.459930790021982006e+01 1.561981743194535355e+01 1.830022477863415133e+02 3.051811367935808317e+00 1.858618027043549858e+01 7.110328844122604242e-01 1.196933485833866939e+00 1.438692346223970686e+00 3.464169391746454441e-01 1.722147731664927239e-01
8.187459391559819721e+01 3.796901277221173210e+00 1.914403885030166066e+02 3.718539065288511836e+01 1.750103391419633070e+01 7.246498745189138724e+00 1.032323477466251749e+00 1.880189201446396119e+00 3.377781052356580993e-01 1.833216235927364324e-01
1.329352687280422707e+01 9.845246416891493269e+00 9.604481263582194117e+01 4.510629439934469787e+01 2.022837817363481605e+01 1.572014724215967441e+00 1.374851879787678310e+00 1.449426745355653301e+00 2.109850227017961988e-01 1.983711108952728730e-01
1.246821933750881684e+00 1.037415283464460991e+01 2.840786461039396613e+02 2.093563293487635146e+00 7.968505318350171507e+00 1.012899084544298134e+01 9.694219723534026611e-01 1.514657912141425200e+00 8.894427712577661627e-01 1.679210780790800772e-01
2.471890572028141264e+01 1.156941523363767210e+01 1.186970870111590841e+02 5.323349646004197666e+01 1.481033204357129129e+01 5.873212523344609970e+00 6.757729665059576674e-02 1.615072451778819973e+00 6.487343661752520418e-01 4.435169379379093613e-01
3.002068446938708135e+01 1.307802854837238016e+00 2.265188328523187806e+02 1.972958540678899197e+01 1.959293161130293726e+01 9.360391455936587501e-01 5.972285062757443086e-01 1.776175438173065668e+00 6.952864035029142631e-01 4.483694128059328987e-01
1.094767494832409405e+01 2.541835402236620745e+00 2.160791562229932197e+02 5.672451230603834915e+01 2.847658204980617569e+01 1.925196939762904735e+00 4.056035836666295191e-01 1.413079866726554723e+00 7.371143046119610354e-02 4.351885158565572675e-01
9.862180396517229042e+01 8.708849802684209607e+00 9.340906219245714226e+01 2.397854968573382450e+01 2.930613817396443110e+01 1.446719508283666800e+00 4.521303168739839590e-02 1.413030643233805783e+00 2.527661177588913510e-02 1.610915069829255697e-01
1.014287544380428763e+01 5.546101716970651907e+00 1.793583153760297648e+02 9.744326152156835619e+00 1.435177736866400622e+01 2.413503434953761406e+00 1.318545725312946816e-02 1.182458745134928657e+00 2.920300285319354927e-01 3.558349759777018617e-01
1.135346135790800730e+02 4.764154219311270033e+00 5.104031825539607325e+01 4.658013228065568256e+01 2.086442600838342898e+01 3.205714241994679803e+00 5.864563757578654390e-02 1.852274375451530508e+00 3.187362597724852087e-01 3.328930424665812460e-01
8.905779896567727860e+01 6.400158647450155058e+00 3.855203800057569907e+01 3.044787526271048250e+01 3.569071751861007780e+00 1.764990935177462195e+00 1.304699010615510746e+00 1.615520194737977588e+00 5.400539364901144612e-01 1.117619345171835810e-01
5.659352214565532790e+01 8.043884099035883750e+00 1.382594738788960171e+02 4.349630605036276165e+01 1.508434589409829663e+01 6.926385188002790017e+00 1.090185732187251011e+00 1.785567293254384236e+00 2.679844166282581153e-01 1.898661399316582399e-01
1.067905617956329678e+02 3.423862245177696995e+00 7.942036985553639283e+01 9.066220631352180703e+00 1.091419715584707184e+01 7.500800290840119899e+00 1.238820334589733285e+00 1.762383724732617063e+00 9.142458189708657645e-01 2.045516435286396373e-01
8.612428083923026279e+00 6.421482496198587242e+00 1.400431210650376386e+02 5.030634530184212139e+01 2.414125339336285148e+00 8.102748122231151484e+00 9.646540727849420849e-01 1.118821366389217475e+00 5.994899745317561202e-01 1.091757771255021936e-01
4.264320224706234086e+01 1.106574119866147754e+01 1.040593601358467168e+02 4.425556740983440562e+01 2.024005354309472438e+01 6.525840847204843698e+00 1.863883709832382662e-01 1.939907941609143371e+00 4.197630016750339976e-01 2.707079902265309146e-01
6.447996600361660668e+00 1.425736681820266760e+01 1.028834262351215045e+02 5.787492350645594286e+01 1.805345699455488884e+01 6.380918994579133141e+00 9.318222541743828025e-01 1.400654146855302429e+00 8.536553369789543488e-01 2.090250683664118536e-01
9.648637584136544376e+01 9.605510035302314620e+00 2.877359331632593467e+02 3.124161034946793691e+01 1.533623329989721285e+01 9.357143666328848752e+00 1.458364442833270935e+00 1.622006120465788293e+00 3.796132279602613124e-01 2.598113563751346389e-01
7.500516284983331161e+01 1.589721853065887736e+01 2.375064854753369161e+02 3.515683312257643678e+01 1.309501415320603179e+01 4.119553237236925014e+00 1.427752478390192925e+00 1.979099369390858731e+00 5.515019499509576928e-01 1.050910289178161178e-01
9.674280600797514751e+01 8.743450567570747012e+00 2.789354280064686122e+02 9.073356245649426555e+00 2.287529710183966714e+01 4.414736262378685439e+00 1.085495852593365784e+00 1.046925159768243629e+00 8.044701574989541193e-01 1.709364840367214033e-01
2.659144635028298609e+01 1.113915852360401537e+01 3.217462113263766810e+01 1.294611382304197633e+01 6.079052018415688430e+00 6.193832566678594276e+00 7.816375847554298817e-01 1.250153273009010357e+00 7.775002140875379997e-01 2.995718094889159300e-01
6.662530995158499536e+01 8.965660192526620165e+00 1.221432729708537437e+02 2.217622028510809074e+01 2.036896969769351884e+01 2.498949743599755635e+00 5.299804238150837010e-01 1.014936392450086489e+00 3.591211204956710201e-01 1.713293663446369686e-01
4.654297687565978237e+01 1.211368180467114541e+01 8.099461707336323002e+01 5.334034263709878587e+01 4.560518162410091669e+00 1.748970759404121500e+00 1.009124137396480547e+00 1.123641075589418170e+00 4.786118173590225844e-01 3.306664173773818938e-01
6.954745477869323622e+01 1.326193153902429067e+01 7.594395489360408646e+01 1.325330000938918396e+01 7.656529734712931301e+00 7.862368416871376997e-01 2.091287874223624332e-01 1.496337849308894352e+00 4.118451151355349005e-01 1.397091887481638206e-01
3.386864940398125157e+01 1.481952170325451945e+01 1.913616127596381773e+02 2.121040945054556204e+00 7.667829429156753918e+00 4.847233301174621367e+00 4.972000638182870191e-01 1.879312201373159130e+00 9.600815156225523950e-01 3.782619855088830141e-01
4.178147879767944062e+01 7.542474382367623242e+00 1.647217830538890837e+02 3.105079068072301851e+01 5.495178785933592991e+00 2.384691921599322306e+00 4.092271020844925888e-01 1.400825005454908734e+00 2.423030128334875410e-01 3.459259465143482148e-01
4.121325420299697129e+01 9.544583569241241960e+00 2.477028822632813672e+02 4.805099512486246027e+01 2.314565654280823992e+01 7.185123271801137079e+00 1.849884942570005075e-01 1.594500995622423867e+00 5.172839794923165258e-01 2.582157069512450165e-01
5.585332305518889484e+01 1.377003329526965913e+00 1.812056887572879305e+01 5.086667054420134804e+01 2.376268761395272655e+00 8.046491686222893236e+00 7.192441271436967876e-01 1.033909221217940821e+00 8.952028810724075303e-01 1.462811368405456391e-01
2.647904717655731943e+01 8.647014845341736589e+00 1.027559004764702166e+02 1.770834219718846114e+01 2.258305597087433725e+01 1.806089982408815908e+00 1.340681375477825510e+00 1.196163509322589302e+00 1.589103404219160964e-01 1.948056550917373342e-01
6.250636697604219449e+01 1.339598515253654831e+01 1.162752654346124075e+02 5.643928909597207166e+01 2.741462382499613071e+01 2.776580752333751345e+00 6.763739392973311393e-01 1.809941031967422065e+00 9.253134810127969789e-01 1.312434408522418217e-01
4.681911093850697370e+00 9.475843184434006972e+00 3.027774838051749384e+02 5.038706689116794024e+01 7.382708528743478382e+00 2.972256276646058737e+00 3.531280422757553938e-01 1.003731034252346221e+00 4.037445923667526415e-02 4.162676429887515184e-01
9.787097880021381968e+01 7.696849620148624282e+00 1.849460825728489795e+02 2.231105983162312789e+00 1.989506587975649055e+01 3.628264237881958731e+00 5.193012318767942226e-01 1.203485014680403475e+00 9.526291689759807113e-01 3.971717086534687358e-01
9.567872064551846023e+00 1.101677041497979026e+01 1.605052832884844065e+02 3.328627911715103949e+01 2.099414878842474508e+01 4.730260615208423225e+00 1.103172624639904953e+00 1.422798296015675090e+00 4.659847626303867951e-01 3.576492460293638764e-01
2.076784363937767885e+00 6.450651648944018213e+00 1.291034398797295069e+02 3.922094745816394123e+01 2.418278020972852715e+01 4.395009503097424997e+00 1.165084126458458602e+00 1.224882472558213253e+00 3.428039833637308575e-01 1.584056310711011717e-01
6.600888384368460926e+00 4.866005302125998355e+00 8.553704750034836479e+01 1.648187026388374221e+01 2.790107413065046416e+01 4.179291022736347117e+00 1.255123024541522581e+00 1.172993177023977651e+00 4.834325206914957818e-02 3.796890983918022044e-01
7.379552966650619794e+01 1.061731104116050650e+00 2.425761887111804427e+01 4.538877494365625154e+01 2.074303059986388575e+01 2.741005172429455072e+00 2.858441027897394848e-01 1.129586528305961401e+00 9.114114702204851870e-01 1.015932544634292473e-01
3.460587605020395863e+00 5.814699928979081278e+00 3.728388636769321351e+01 9.331557300277232514e+00 2.973220688937530554e+01 8.452302173537294294e+00 3.174304135848317332e-02 1.809152602275057253e+00 6.334674986503896488e-01 2.132978353702240093e-01
4.119097587202944766e+01 1.429546247521513180e+01 1.961271973834442974e+02 1.008860758455299589e+01 2.016815097183583205e+01 2.599549483777501280e+00 1.284968041234006986e+00 1.960818076138963084e+00 7.585238462857106789e-01 1.546497343425671245e-01
3.698940297791844500e+01 9.094968954667345784e+00 1.060503073250625903e+02 3.751573299413652762e+01 1.437697787062491628e+01 7.533066054638349662e+00 2.580543568208397143e-01 1.914077265234831016e+00 2.005962134390504303e-01 4.117160393686761788e-01
5.199646946615361998e+01 1.084158085378219738e+01 6.264207505413941135e+01 3.634725560169885483e+01 2.374377925139362411e+00 7.434719757834977294e+00 1.296785330173513051e+00 1.569916635883842115e+00 5.266526561384188287e-01 4.079773294760579150e-01
5.801664274599666982e+01 1.594080486343761116e+01 2.792854066255928274e+02 1.719652353037222170e+01 2.260704877388135614e+01 1.214386857815177301e+00 5.866189534187342680e-01 1.593405908697968387e+00 2.019869738998183450e-01 2.586633148092670753e-01
6.739181695494929158e+01 1.703299043483441855e+00 2.311727707813617769e+02 2.505751913326353275e+01 1.970898545789291845e+01 5.935719799065886093e+00 2.311169581562422803e-01 1.508404187485456127e+00 8.774567413732849985e-01 2.745585631859307485e-01
1.105421305087289596e+02 1.686977208313429566e+00 1.358199489963067208e+02 5.371220404294471251e+01 1.289112985359319197e+01 1.710122015497678616e+00 3.209724974953732102e-01 1.946058128034185986e+00 7.297209210454602690e-02 2.868732283148165418e-01
1.158050224315195322e+02 3.877183040495859601e+00 2.628933128430442707e+02 5.935473502249513977e+00 7.721809929462249755e+00 9.962731024114457767e+00 6.768303795724830429e-01 1.670068052592597274e+00 6.680799198770921432e-01 2.363437580332638233e-01
7.497104437459826443e+01 1.058926242920093586e+01 1.040907975069421099e+02 4.283084724382486286e+01 3.618959109933595819e+00 8.078966641311096097e+00 7.066673721431208088e-01 1.980841202619251229e+00 6.252839363577480380e-01 3.042035297528714599e-01
3.818131401453020857e+01 1.304678165574075166e+01 1.750458956195343490e+02 4.333222940464560935e+01 1.982281268506103089e+01 7.684137212962099284e+00 1.210027850842349262e-01 1.596692051208664864e+00 4.482520107576548618e-02 3.770976185471233144e-01
9.555776913525244254e+01 5.410693370001688152e+00 1.302213207496224356e+02 3.380095330836626832e+00 8.625660822662784000e+00 7.046750059368462438e+00 1.039085091188535648e+00 1.897120300832560336e+00 6.480733756333201256e-02 3.564593041801092932e-01
6.228258435637970791e+01 5.419460845472825916e+00 1.276745534998118927e+02 2.877485224131179464e+01 2.483960481217101446e+01 8.087601756271567410e+00 6.476357017528139304e-01 1.474281587622843670e+00 1.861129940377206360e-01 4.178040903960296149e-01
3.857453162811295044e+01 1.321340789970630247e+01 1.668002008258131639e+02 7.263515616723354107e+00 2.670425621102510405e+01 3.352785522285848252e+00 1.288488921032171053e+00 1.854801034423359862e+00 9.506680648420506863e-01 4.359954474772553823e-01
7.269095823718643601e+01 1.027983391344850617e+01 2.854663146665327531e+02 3.240198166116725531e+01 2.076985145716446013e+01 2.282611639265067716e+00 1.095332416522791563e+00 1.108466317693300063e+00 6.402665040381936290e-01 1.048497329575377446e-01
4.554419513348475590e+01 2.718080839916008351e+00 8.213377620196803264e+01 3.119887969255572102e+01 1.562144638768792726e+00 3.369862065196134626e+00 1.422482770727135692e+00 1.513985178758447514e+00 9.734882428307352065e-01 1.841913330549969641e-01
3.104743568577751578e+00 3.093099029372314845e+00 3.012415194262964064e+02 5.912029965697126244e+01 2.746051902749567120e+01 9.555252112056324520e+00 1.323790566461341411e+00 1.320461661386737262e+00 3.665403507882336598e-01 3.946200894773236323e-01
6.776100534223262173e+01 1.021224864182053693e+01 2.698127311069624312e+01 1.409268253327640785e+01 6.618975076912885669e+00 3.479968129820155465e+00 1.496473395277426732e+00 1.383606610439390927e+00 6.444004419725610777e-01 2.437431392943473496e-01
2.780895610794711459e+01 6.060141110274161136e+00 1.209612681511079444e+02 2.167520271319664005e+01 2.351396529883885833e+01 2.972427258168570230e+00 1.208693553815983979e+00 1.023227097902660532e+00 5.806818750501983040e-01 1.543393156945969402e-01
7.999363811637482513e+01 1.480561982252942421e+01 2.224802575178427162e+02 4.993613362933969846e+00 2.982719733963773123e+01 2.074556927237980020e+00 1.565416457080002488e-01 1.112430116120113999e+00 7.577113887546893523e-01 3.842612326831292835e-01
1.665525482826266668e+01 1.110646751468988747e+01 2.706144474348952258e+02 1.452450273841223449e+01 2.065110992882519980e+01 8.715342683410623792e+00 1.451864376648455135e+00 1.601155308196779092e+00 2.762809500054239642e-01 3.667010276609905528e-01
1.070505275323530299e+02 1.000719839500094821e+01 1.664773293451978589e+02 1.288916574637420354e+01 1.335449539709317079e+01 2.592173548719622911e+00 6.006681359567128675e-01 1.442792025617912532e+00 3.782316816329363007e-01 1.351664302914928617e-01
1.005405088953122714e+02 1.409271420224064464e+01 2.665744451737289182e+02 4.976800049006538273e+00 2.433326818943683989e+01 6.239714075798130644e+00 8.129738335200820121e-02 1.199308986656923315e+00 7.084331001209822620e-01 1.448825709898217129e-01
2.349676778899541674e+01 1.067875821350308918e+01 2.206122967572131870e+02 4.848290309302667822e+01 1.176875294994372645e+01 4.494520970762051704e+00 4.172749101344763734e-02 1.407178494274203828e+00 7.073307305499592079e-01 1.842723013716149327e-01
9.809756547756454381e+01 5.979392194616504064e+00 2.809210315330288950e+02 1.902765444824918006e+01 3.039934699541231566e+01 4.201768871285583629e+00 1.007935283902674950e+00 1.609417375189448940e+00 4.261333694574866993e-01 2.292980224919495824e-01
6.810604682153855549e+01 7.211544163293317489e+00 3.774707965278082611e+01 6.384904292412109328e+00 1.471334740291808174e+01 4.906585670374987274e+00 6.676570435575188700e-01 1.351266362759245609e+00 9.393653089107476539e-01 3.753919970176184950e-01
8.021506786061864602e+01 1.135518679420135868e+01 9.427291183901277805e+01 1.073434517639704033e+01 6.316569174449387702e+00 2.046767833401177406e+00 1.616613861277702707e-02 1.880561546700883380e+00 3.760822642480954325e-01 3.559480675696848895e-01
1.023832127353804680e+02 7.725477399330249462e+00 9.686775857593508476e+01 3.791377627430716757e+01 1.429808882356435973e+01 2.456154917356920819e+00 4.262129744401791376e-01 1.919428846483388407e+00 2.928112220635397112e-01 1.701284720377289617e-01
6.259207765155807124e+01 9.729691442409876601e+00 1.592591517473729823e+02 2.659253271037278310e+01 1.557728550757187236e+01 8.983585666410338177e+00 9.944169680963942382e-01 1.782506213296684017e+00 5.700795324414045240e-01 1.985111401067278791e-01
2.795753940628309664e+01 3.401645337126951940e+00 2.397393829099738412e+02 2.166859719318239641e+01 6.434926422196467932e+00 7.900724969335414904e+00 1.155541546795974872e+00 1.580279642232272685e+00 6.770676845801013588e-01 2.976922467211707835e-01
1.391071051303174855e+01 2.275658399716479430e+00 1.435384340608177922e+02 2.446790841256145654e+01 1.549607074742889523e+01 2.222621063203809033e+00 8.616983215607015856e-02 1.064387840375339511e+00 3.813946159336685238e-01 3.413278624746964862e-01
1.915234650393700377e+01 3.234647970627801072e+00 2.271016182607827432e+02 5.716018987560333642e+01 3.895541571346755827e+00 4.950916477028024509e+00 1.117848245070426350e-01 1.499076672728014925e+00 2.675154617845398874e-02 4.187382088678756054e-01
1.055888277341162649e+02 3.296438745979224372e+00 5.944628227362053963e+01 1.959175220309414911e+01 2.104632468446453331e+01 5.550212405651443248e+00 1.274971833495524454e+00 1.274916781179082248e+00 5.818177070276775442e-01 3.768638780330187954e-01
