7.861276889739706064e+01 1.567395262362402697e+01 1.399755274986117684e+02 4.599247540484056174e+01 2.472439499327846235e+01 6.651926682197340845e+00 7.620659458634018030e-03 1.676938544962325528e+00 8.481258416867480943e-01 1.797561936383695602e-01
1.235462506123969817e+01 4.444287205003013774e+00 2.943506581242576203e+02 1.652271828762074080e+01 2.420838575038030882e+01 1.102237574433921452e+00 1.717564141641017283e-01 1.907491258457805205e+00 5.511287179810921977e-01 3.496242169051141380e-01
8.642641059618696886e+01 7.158892680304363765e+00 1.300370763548716013e+02 1.140150226593009020e+00 9.838579199934903485e+00 2.754121158777530720e+00 1.453304759844779470e+00 1.532760917939972378e+00 4.954732177660361447e-01 4.408414856556125416e-01
9.188061167031472110e+01 5.390235462193472493e+00 2.148872858232917338e+02 3.458964169000508093e+01 1.051872780556378473e+01 1.008301462655471781e+01 7.238187514688901314e-02 1.923671142371806919e+00 6.881638807693919446e-01 4.290633174995874821e-01
6.882391200283457522e+01 1.112410879504544203e+00 2.113317161062435616e+02 2.285593986768775920e+01 1.552243223428088115e+01 2.925961446863333926e+00 5.945663855005390852e-01 1.983419379365016111e+00 1.371706094462998848e-02 3.966022179432289185e-01
7.680641590310160893e+01 1.469600825943639144e+01 7.814582494927542200e+01 1.053321687574053866e+00 7.899655994767661227e+00 8.012599153110183892e+00 7.700531372311258949e-01 1.248345841828168767e+00 2.218515386414265933e-03 3.829020664344060521e-01
9.365680244816039135e+01 9.700500770318116750e+00 6.658085889080544462e+01 5.204639349879169430e+01 2.506975361305640604e+01 7.140414469063003367e+00 5.972406302574397863e-01 1.977842169015784357e+00 9.751588970235445242e-01 4.304788132064799600e-01
2.098353340656606747e+01 1.598382794171021004e+01 1.732678520710159091e+02 2.046821922741209931e+01 2.817202054193436922e+01 8.157429759308641337e+00 1.241700436254614903e+00 1.637466366187559252e+00 5.745358791047832092e-01 3.477584878573220517e-01
9.530599333324936140e+01 3.507865990148098412e+00 1.453336704544416875e+02 5.768273331982385344e+01 1.866601841933444916e+01 5.700425113158003043e-01 9.215456340368105570e-01 1.879965504449996327e+00 6.217986275118976280e-01 1.670208755209277030e-01
9.978236490230824529e+01 8.646786127653074416e+00 1.686646073878414427e+02 1.321106551651535010e+00 1.024708774813909073e+01 3.504846809498652238e+00 1.960550270390737371e-01 1.706734894574195360e+00 4.341028564376017140e-01 1.273778266641907297e-01
4.834680899608182614e+01 1.177893424630268804e+01 1.046054225399270621e+00 3.157956434593064188e+01 1.682969333846369153e+01 3.050668740200483509e+00 3.691607860889951076e-01 1.364511417191538456e+00 4.423770839002911792e-01 3.678657299913921097e-01
8.216000777029424285e+01 2.276691702273105022e+00 3.137170604055697254e+00 5.199485739688024921e+01 1.071334081970044139e+01 8.580926509891803278e+00 1.462537221056511960e+00 1.915539767032225171e+00 2.550860560821233136e-02 1.809786990632586690e-01
7.834432640832710604e+01 1.580286806551245071e+01 2.246476482701124269e+02 1.895301103742117022e+01 1.822321081271712373e+01 5.009627787270852117e+00 1.810086637823361544e-01 1.005360191010435944e+00 3.334472927808382892e-01 2.907124435387464234e-01
7.290220115558068414e+01 1.564115052967211383e+01 2.042473838743023009e+02 4.542889631565282826e+01 2.511582220024988032e+01 9.266308503849174372e+00 2.855486149050481259e-01 1.708324189346247524e+00 3.805554854080912541e-01 2.778540404580729373e-01
8.230548439945876282e+01 7.939057463063369013e+00 6.488000506457295558e+01 4.317943909557242677e+01 1.347558035000254151e+01 5.174355650898331271e-01 4.051138215822961408e-01 1.646310404505001657e+00 5.887299616038339511e-01 3.400790074908217608e-01
1.176768862315000632e+02 6.760714060073654608e+00 3.994728136445683475e+01 5.321516950816415914e+01 2.217595302813418812e+01 5.131959295686981726e+00 1.377729025064472479e+00 1.795144301031022849e+00 8.541268675173623315e-01 1.710370916562169719e-01
5.457596518136101338e+01 1.241519528081123269e+01 9.659234037767313907e+01 1.412607998189551495e+01 1.315102949704408530e+01 6.784166663828732347e+00 4.334379565414678281e-01 1.067235152454672820e+00 3.458989788152988520e-01 3.382766501744171039e-01
1.480051327729993282e+01 2.831636982563663807e+00 2.893617048127554199e+02 2.124365588516043601e+01 1.108359092662631973e+01 6.297262848552642289e+00 3.878749735167776880e-01 1.150388611443178943e+00 7.723069687857178067e-01 2.891294794798621726e-01
3.871482590232174203e+01 5.952204138858058435e+00 2.054119621069968460e+01 1.916636912469109788e+01 7.237972099945302773e+00 7.811284901764381505e-01 2.760391261206104896e-01 1.314139952238892128e+00 4.244520138327525505e-01 3.999689448101134692e-01
1.152995310263801372e+02 9.798443948219519584e+00 1.594588638331120194e+02 5.652149882022042959e+01 1.540280315795803379e+00 7.890538719785944899e+00 1.217861132010941816e+00 1.923426593365875847e+00 3.560487813206871799e-01 4.101270172605954167e-01
9.276856745985431019e+01 1.576315458447768769e+01 2.473079798395064302e+02 1.606484874513871475e+01 1.719936848311008504e+01 9.661627490117460582e+00 1.115673904469052902e+00 1.274151340603999705e+00 3.605540968999809692e-01 2.880306898321035591e-01
4.090391581937992527e+01 1.131580261484425520e+01 2.603722714710644368e+02 5.887236106336597885e+01 3.332893943521686886e+00 8.496415130325328136e+00 1.129235797483802317e+00 1.643557312685641092e+00 6.573633831731438004e-01 2.813393401938191207e-01
9.899330413932727879e+01 1.563459016394357803e+01 1.302545381186878615e+02 4.452556492177966874e+01 2.657501002635440912e+01 6.365177529092075126e+00 3.928167932599859746e-01 1.392877614695153587e+00 8.663735825244081035e-01 3.108657393244973477e-01
5.046308103045402049e+01 2.379569447600754728e+00 2.012770121343712049e+02 3.746941292309789162e+01 2.307794098081354406e+01 9.791231816034361657e+00 7.660138844910829858e-01 1.287643374055377432e+00 2.460677041138592536e-02 2.782288764092953892e-01
1.108879445369288135e+02 1.186238195544639673e+01 2.843039813093386670e+02 5.407896717827134836e+01 5.472446185868351520e+00 3.112755759931710386e+00 7.266419148299586572e-01 1.774684640144557068e+00 7.692930154691921540e-01 3.107221032187649223e-01
2.237403187909540847e+01 4.961941531299205899e+00 4.202022303741941300e+01 2.442292441650123891e+01 1.216873172376961598e+01 4.453321809894930539e+00 4.725890079879019878e-01 1.270929317888828347e+00 6.594825390244358765e-01 2.412604363707497035e-01
3.622305017927184423e+01 5.799089013469592935e+00 1.528797265034575616e+02 2.736465518241724837e+01 2.659043925138775677e+01 5.171634046833482046e+00 6.041060478433072367e-01 1.307583532267714288e+00 9.513753644331397474e-01 1.710341694868574569e-01
1.124391848352495202e+02 1.268652382665323097e+00 1.246931093585747732e+02 1.503014785990686164e+01 3.140844051898873168e+00 1.397083049314696179e+00 7.682639886878500635e-01 1.435395122035890925e+00 9.306770728197175657e-01 2.314234348796562757e-01
2.015392038710424671e+01 7.297892313983308732e+00 2.334722849209889546e+02 1.590469021334920008e+01 2.299750880536775099e+01 1.946615930182336029e+00 4.025351788686293841e-01 1.092320952655079003e+00 7.633218349686241577e-01 2.946824827052614282e-01
5.190991363750544707e+01 4.089659094921436200e+00 2.731443544964137118e+02 5.071121573309447683e+01 1.201568040625385869e+01 8.198830240221056442e+00 2.497192905602799162e-01 1.545239669019555340e+00 7.463674983143766539e-01 1.054990964093581729e-01
1.946285632800796606e+01 1.356970201685624744e+01 1.578580074322107123e+02 3.371430644013828193e+00 9.693380129050371607e+00 1.054651345890070813e+00 6.574002282928346208e-01 1.450166413988584591e+00 6.608594330258710237e-01 3.782085908270034214e-01
7.773696969953880398e+01 8.473987716544527871e+00 2.893223533646071814e+02 2.777890835984998752e+00 2.556951931815941492e+01 1.008413361504809203e+01 8.793799334989781391e-01 1.371946112720010991e+00 8.560959121686939621e-01 3.551410002048890346e-01
2.985349048462200727e+01 7.987877014699885869e+00 1.156599883265662640e+02 1.627822147967828670e+01 2.531623838801615989e+01 7.543077815358643967e+00 1.270291526729452780e+00 1.669833596896644679e+00 4.545434575489450957e-01 2.525367481901704125e-01
8.244340379251909212e+00 1.297941665266835365e+01 7.618833420413881186e+01 3.888157738923904816e+01 1.178306477877707437e+01 1.547346081264208806e+00 1.457492035769907268e+00 1.805227360517757340e+00 6.170217921840515096e-01 2.369542487588668367e-01
9.660899519487693965e+01 3.504533995346495345e+00 1.662969188963269289e+02 1.830212059548948167e+00 8.354935716417095648e+00 1.302415750158353536e+00 1.289913430262045857e+00 1.530379973370382896e+00 6.703642626253880632e-01 2.717498473336518172e-01
3.450315351321512569e+00 5.696623686822675836e+00 2.781761331144012956e+02 1.745263423368816902e+01 2.575117090107685414e+01 8.396696418453146293e+00 2.476612054810702346e-01 1.070987922724095931e+00 6.422873108123292596e-01 1.362544508806954047e-01
8.281526066678380005e+01 1.412963118662606909e+01 2.454241107303074045e+02 4.331385266179919569e+01 8.785490110822074428e+00 7.026327638130867470e+00 7.184625993300874924e-01 1.466427395475646156e+00 3.051082223673513560e-01 1.618374639081449906e-01
6.744526132841382093e+01 1.431721662992331900e+01 2.190820561542560370e+02 2.805134390082867668e+01 9.287254655888604660e+00 7.136158818951044758e+00 4.033905970024044829e-01 1.739296969972774720e+00 5.742025423638441595e-02 1.106959662769680941e-01
7.865521590867679436e+00 5.636381072421480454e+00 2.625425272014183520e+02 1.590751916905168528e+01 2.690583639240394564e+00 8.880579102401787495e+00 9.599920228294509528e-01 1.081853468994779188e+00 1.456271843753758066e-01 4.277390639485185719e-01
3.860474115101207104e+01 1.406673947583528239e+01 2.552455106948887220e+00 5.545134008894658706e+01 2.640861551831874010e+01 9.646611779695144495e-01 8.823737639090540874e-01 1.806391626290269725e+00 7.803207576569639592e-01 3.241592434458964722e-01
3.013079592934174045e+01 3.561638406820549108e+00 5.726120646374066325e+01 1.338342997273210244e+01 8.697609255144662654e+00 4.265401255223088661e+00 7.552982066307295517e-01 1.825669854789660373e+00 5.515959745891210186e-01 3.475627395261489117e-01
4.758828326647298468e+01 9.042185801267002887e+00 1.491976851065616358e+02 3.136194850576280402e+01 1.151487689900415567e+01 7.898275314966164196e+00 7.792460384275748386e-02 1.413805830971336830e+00 4.885205277003423774e-02 3.629101012177046170e-01
2.588697167557634771e+01 1.464612166758140965e+01 1.233583349814652621e+02 2.799250631513379162e+01 6.279803334121919711e+00 7.104503210200785901e+00 6.088756774914577674e-01 1.426570854386996379e+00 8.959141128223502282e-01 3.472738045906946791e-01
2.283830180983679270e+01 3.935428178236380248e+00 1.180930549370845455e+02 3.284954049884878913e+01 2.891286801363014902e+01 1.818872131803810799e+00 3.316793259754712841e-01 1.333719504613257278e+00 3.902157992226169547e-01 3.171561852169690887e-01
9.295308281470571643e+00 5.226817045144671603e+00 1.863463867525424575e+02 2.073737550280500663e+00 1.959148878480195322e+01 4.877466645459764827e+00 8.049541723191114828e-01 1.243747345069242449e+00 3.019781435948942772e-04 2.165381994987272685e-01
5.167024352269406506e+01 1.402044611919833805e+01 2.796888833583756764e+02 5.008217153771192898e+01 4.212056981132440647e+00 5.403315426418591194e-01 1.351834785700970043e+00 1.529557588101633447e+00 9.765999617101985830e-01 4.078807260295957970e-01
6.280863646018451618e+01 1.316134346654856557e+01 9.953769949050906973e+01 2.468457153167681994e+01 2.985549640123625537e+01 2.543129516104706056e+00 1.367457667024034151e+00 1.976118384475723966e+00 4.727082867392589094e-01 3.306483191661038212e-01
6.312486291069789246e+01 1.409417832884482813e+01 1.331217809201517639e+02 5.206324073070331337e+01 2.770435968480748201e+01 6.606023948973936299e+00 1.262267278788739011e+00 1.104253081717160967e+00 8.301988214455726656e-01 4.003271119899511898e-01
4.077993472461142943e+01 2.438788277916852820e+00 2.732912634728010062e+02 1.460443381428872200e+01 2.143057056843469610e+01 6.291479595364947386e+00 1.374761623525059040e+00 1.995595245656782923e+00 8.450703309519957962e-02 4.420749533677894583e-01
8.773921362469058849e+00 6.075814436085885895e+00 1.826881139125225957e+02 4.873902723467951859e+01 6.528217247036176119e+00 4.768740575212913058e+00 9.303994779241157032e-01 1.868712879509063063e+00 2.716248329690986729e-01 2.624127448565521381e-01
6.552394535702114808e+01 6.064797593118306906e+00 1.832700241970635702e+01 3.257871313196675089e+01 2.571379098141179043e+01 1.415171346370865724e+00 1.448079951965517198e+00 1.361176620484183530e+00 1.871131290115908286e-01 1.950083424485112571e-01
9.920847017159100290e+01 4.705697453025518229e+00 1.572538577282369090e+02 6.419712377109206614e+00 9.574054878085014764e+00 9.595310167481070351e+00 3.519143931390671387e-01 1.943073161796863735e+00 3.182887573646397961e-02 3.185982523429438107e-01
9.720134945318581288e+01 1.516591156559713838e+01 2.803327260058455863e+02 2.479471150221351650e+01 5.133754781139216128e+00 9.194439036034693924e-01 2.051412560911542171e-01 1.107263575235378550e+00 1.130711633623671108e-01 1.528267825166209348e-01
1.156118509378569712e+02 6.611991118993923777e+00 2.975801291020770378e+01 5.622892428193944170e+01 1.251950871217151828e+01 4.969018029857846130e+00 3.418070107132679114e-01 1.655229225021544126e+00 2.626058144913161474e-01 3.334764314014460052e-01
1.117048912385512835e+02 1.509452588863288014e+01 7.277957709304897094e+01 4.743656075618311974e+01 2.215316723257589615e+01 3.509889703117754500e+00 5.364226815447793451e-01 1.564465095543376538e+00 4.950227766717132383e-01 1.809705002718947076e-01
1.122914447554034183e+02 1.385930931895684459e+01 1.325019377876426461e+02 9.065234293147636180e+00 2.697406726302875057e+01 3.482209596090719117e+00 2.536445302784596789e-01 1.155523847040255347e+00 9.278366556726913572e-01 4.447522505792413927e-01
1.126019174264722125e+02 9.259975892983483448e+00 8.373328763467100089e+01 2.524314405375634607e+01 2.811984210729186628e+01 7.123543450375655617e+00 6.371821314070725828e-01 1.256763796905201902e+00 5.306479862517949897e-01 1.095096615508345805e-01
2.427421854063186046e+01 9.195796747873970389e+00 2.832862266445429000e+01 5.983383082458885838e+00 1.852003577998925721e+01 7.321581259317071044e+00 1.316336662480843245e+00 1.777209259312514167e+00 2.273547885846041172e-01 1.727446073432029883e-01
1.176491430031914120e+02 1.580662774665569037e+00 1.640615184591909426e+01 2.623651098424802441e+01 5.754139997989447863e+00 9.827899904721546065e+00 3.750095331636821294e-01 1.823203194224462864e+00 3.751807516299161538e-01 2.382323316265096136e-01
9.802029525313340486e+00 1.259358417880657655e+01 1.275191125641306655e+02 2.017409051739178949e+00 8.399899748612956074e+00 1.545679745776078473e+00 5.657571837593456943e-01 1.564176663272522028e+00 9.818980945593229759e-01 3.219776005400531438e-01
4.978926578197238939e+01 3.566422877761814547e+00 5.453880395823945548e+01 3.646136449737046092e+01 1.803705466823496550e+01 2.426942033604131410e+00 9.455334715502164977e-01 1.567770542733522676e+00 1.242401435123465792e-01 1.697619783095807577e-01
1.092610366840202403e+02 4.714979431044531211e+00 5.898566163912794025e+01 5.478604722660283244e+01 1.741143388300307038e+01 5.231533293026267906e+00 3.151970927071808815e-01 1.455594376340237472e+00 7.944465697207434562e-01 2.422816185319631721e-01
7.626311994734295752e+01 5.348177348531171660e+00 2.363434805658384974e+01 3.849661463431971242e+01 1.592186333946338683e+00 7.856500018816342745e+00 1.236573717877161860e+00 1.067468425042775504e+00 9.413741823928667429e-01 2.464241760898985834e-01
1.093236925273970854e+02 1.470541875017267941e+01 2.493202977007178731e+02 1.977039537376863976e+01 2.292700647336759801e+01 2.770101911068681311e+00 7.856724250582415303e-01 1.323301483140801871e+00 7.087095824266140820e-01 4.489394763058960347e-01
5.542313831582022488e+01 1.507497440710041303e+01 2.225990923233161425e+02 1.579637753674909106e+00 6.585762167248976340e+00 8.540379096316300434e+00 8.929581210299704086e-01 1.798342187514502921e+00 4.728019767564224374e-01 1.847902937884394192e-01
5.045782436596663700e+00 1.563595213999979983e+01 1.698773314744836966e+02 1.788764619742309137e+01 1.681118072382871276e+01 3.807735128277480285e+00 4.842942523952853406e-01 1.778696534537525631e+00 3.961671082226430052e-01 2.081961171052577053e-01
5.556621402130867438e+01 4.796940228550411689e+00 2.381547865527169563e+02 4.042249668322101286e+01 2.945791615552605336e+01 1.722766391648235418e+00 5.662954046071743130e-01 1.972652268133135101e+00 5.192573399439608384e-01 1.481516808214767278e-01
9.673049997957178903e+00 3.591959083736143921e+00 3.349915950680301080e+01 1.718742564941375761e+01 4.007891662457635285e+00 2.244530413278465364e+00 9.322582901005702638e-01 1.647821534312240210e+00 5.834209590898959963e-01 1.995356141220350765e-01
1.174235937835538550e+02 4.684440443012192645e+00 2.642267351820250454e+01 5.951760738251347505e+01 1.586768547712271449e+01 9.437988911949634740e+00 1.031894499562366674e+00 1.037760025870349878e+00 9.838545632531465746e-01 1.675132317827431605e-01
9.600006329752446277e+01 8.165788928733718421e+00 2.256581196935080698e+02 1.293640590858510464e+00 1.853422197308670505e+01 3.753339959560349826e+00 1.195849941433212882e+00 1.581929103018091309e+00 4.203288552798483124e-01 4.406217081100485267e-01
3.852446569310946245e+01 3.859296484623363721e+00 1.608228721275277167e+02 2.402279686697918137e+01 2.094883321574196877e+00 2.226066150756319750e+00 1.136065864021771121e+00 1.341482902970100755e+00 2.615244649846082403e-02 2.161867385306477929e-01
1.395144595474145710e+01 3.265225409609754603e+00 1.312560653120573591e+02 5.383416289375856678e+01 5.119805875868269851e+00 4.198438023796962071e+00 1.212723069269780574e+00 1.696494937963024308e+00 9.817403493797227654e-03 1.342443501157252472e-01
8.593052433313406624e+00 1.402604929207218687e+00 1.312402088648605627e+02 4.496427866246899896e+01 1.830184567106377358e+01 3.571005417849823615e+00 6.076835644546412230e-01 1.180833353586508316e+00 1.253001080636195752e-03 3.013443312303354382e-01
7.420985697654383273e+01 5.312511744032271110e+00 1.591776495431222997e+02 3.352764024968065115e+01 1.063200729031157010e+01 1.009162648144885033e+01 1.350538407843616229e+00 1.271602269114066708e+00 9.354846159919889548e-01 3.260666453762189887e-01
9.977289603588842226e+01 1.514650132862145959e+01 2.175803137820365691e+02 2.014125853642157438e+01 2.216564092766515515e+01 9.745969405289877097e-01 7.073438236377029842e-01 1.295083603408782480e+00 9.038712881344412864e-01 4.368753499995434719e-01
8.774403529784861178e+01 9.117279572588500969e+00 2.065950728256214575e+02 7.171976625901876901e+00 2.000571117388236075e+01 7.659746458306047501e+00 4.422110641792230679e-01 1.437954715250535198e+00 7.461194049079582502e-01 3.228080044929035330e-01
4.897036267276453003e+01 1.339297858760259885e+01 2.878916226912671732e+02 5.937363484360496990e+00 2.285229363112948064e+01 9.869125152014165181e+00 1.153471899321482363e-01 1.680647645443807736e+00 5.161506581740029631e-01 2.260592240041759127e-01
3.632858759596787479e+01 9.691565482983904189e+00 2.788759144847262519e+02 3.425147727402176656e+00 1.019462139103112897e+01 5.658419545775883464e+00 5.898502468814436073e-01 1.375891826356228753e+00 1.189638181346597268e-01 2.438268981622574993e-01
7.324512757077722824e+01 1.477545263429951561e+01 1.784658841862136001e+02 5.291160970259554119e+01 1.880491703652703706e+01 8.743335218450239310e+00 1.452995176226406837e+00 1.921639386706551988e+00 5.055121145280061512e-01 1.681121442287530354e-01
8.455072535993855354e+01 1.127596934713289656e+01 1.356907566388867110e+02 4.327631026957246263e+01 1.694949534216861764e+01 7.196908134613858365e+00 4.688882554896431354e-01 1.467033729833226330e+00 1.712383883424826170e-01 2.172540247247145007e-01
4.951505278929268172e+01 1.021442645819667661e+01 2.593958790305661637e+02 2.680283535296500119e+01 1.401631551137943532e+01 5.592275842293329191e+00 3.909476114599278462e-01 1.679539499738933683e+00 8.312140774337613003e-01 2.479881793896971109e-01
9.664942893884717989e+01 2.079585029481253677e+00 1.228039718979154031e+02 4.345837345927846229e+01 1.962162340262930371e+01 2.185523156602949157e+00 2.806080347908031514e-01 1.946182661504464839e+00 9.712224754700229390e-01 1.134779037345496067e-01
4.636485406078045202e+01 9.884457688467309211e+00 2.915716472600085467e+02 4.736256591981500463e+01 2.306725396130087802e+01 1.551457224477545083e+00 5.551893971359757041e-01 1.375438818675171815e+00 3.534925757352262998e-01 2.179874434488051627e-01
3.213075719105933103e+01 1.263380481658911059e+01 2.130784994269079391e+02 4.362663055487471553e+01 1.243878861608452446e+01 3.114830647072166059e+00 4.835356807798935758e-02 1.677057675658954583e+00 7.415933603466591251e-01 4.027044058920788983e-01
1.348074576383116430e+01 1.206679945233390683e+01 1.813011093979326915e+01 2.975349689151159893e+01 2.181549813513370850e+01 6.249018233460136074e+00 2.936818807303523959e-01 1.851740015683209339e+00 4.653708018115421119e-02 4.161720060375719843e-01
9.862212024660125564e+01 1.204251369902738134e+01 8.183199085587969535e+01 5.463736240584593418e+01 2.645665168620474184e+00 9.585294751344187958e+00 2.594087589311961928e-01 1.042023037758976090e+00 5.139455236254599768e-01 4.251609012122832265e-01
1.108968603615023909e+02 8.434297307556789747e+00 1.832129392942265156e+02 3.747700456866304819e+00 2.439421959163693998e+01 9.359503189133073775e+00 1.062939800341003549e+00 1.298828467479244297e+00 6.304026160457358863e-01 1.071917713364223951e-01
5.231915520835006816e+01 3.859387998999933789e+00 2.127220609764290487e+02 4.617644294206105116e+01 2.443580950408352237e+01 4.956827460050197587e+00 2.367014982343087770e-01 1.067269230750531817e+00 3.166305769961827998e-01 4.226031218777429599e-01
7.689722642725349999e+01 1.419635234476305818e+01 7.189032258562278344e+00 3.659305477263391992e+01 2.774980449109754943e+00 2.531999120735326070e+00 5.238704252191677124e-01 1.948399436588810429e+00 5.758797115704923364e-01 2.248649876467388453e-01
9.024350270761109982e+01 1.461449027700485992e+01 2.098619124687529052e+02 2.524835646063554151e+01 2.247644519132468588e+01 1.382215035489606336e+00 3.708012401453212314e-01 1.355646675869871309e+00 9.450351362472566574e-01 4.216818877472846561e-01
7.351405687671712030e+01 7.749282726979943803e+00 6.336836611478145187e+01 1.723015888280949781e+01 2.493958820167420498e+01 1.788814645165894168e+00 6.437211166229687143e-01 1.862485238038692259e+00 7.744869183233025201e-01 3.017226909181682792e-01
3.031974764051011917e+01 1.121583387778622942e+01 9.597846888820770062e+01 3.158599446684583967e+01 2.034592051260817769e+01 2.365315145583360312e+00 3.824945984998638915e-01 1.194977820102503641e+00 3.991889434441560081e-01 1.195007486330516011e-01
1.108676494426087942e+02 5.924323568167986664e+00 1.151486192772587316e+02 1.292730051627599330e+01 2.202156136842770007e+00 7.328223534786387994e+00 4.689689834353957254e-01 1.020840958647748264e+00 7.028092562451695446e-01 3.522820252586026379e-01
8.905205789806824157e+01 1.544430148900408994e+01 1.275532164823281533e+02 2.615348814263791155e+01 1.833021256900311613e+01 1.949886931126708189e+00 9.054141523213697917e-01 1.695586075413110017e+00 4.168779077733710814e-01 2.549735465594156203e-01
8.800269974218798552e+01 1.327374655686090854e+01 1.360356012230974727e+02 2.432104621610281114e+01 2.518665751878291559e+00 3.370625204485139914e+00 1.417780139092523095e+00 1.490300747320146169e+00 7.874355778917760951e-01 1.573175078339089372e-01
1.135810771210680592e+01 9.534869771571827357e+00 6.837649648250928180e+01 2.335022315142877858e+01 1.143714568805256171e+01 8.903440164029493786e+00 4.181619769462834868e-01 1.677844573859336608e+00 3.624358482573939444e-01 2.066874594262154696e-01
3.815776183300171454e+01 8.131030658293521896e+00 1.617801437520155901e+02 1.302280631040672354e+01 2.034182681736917520e+00 8.530651050612208408e+00 1.967816416040576999e-01 1.102387276768860502e+00 9.206039121604381315e-02 2.050548460143602758e-01
1.890309010898761244e+01 3.608165442597667472e+00 1.422819585562027953e+02 2.532879868444201676e+01 1.406292297517250844e+01 7.784964411270924867e-01 1.241790299561929878e+00 1.420613206950165575e+00 5.063598584508532952e-01 3.648919835853219329e-01
1.493568058437286972e+01 9.600724287599227580e+00 2.102565530717787965e+02 1.347657698763645584e+01 1.737407119130219968e+01 3.643529682720113794e+00 4.172701795801778690e-01 1.906895109917429165e+00 4.635248291145186439e-01 1.421218735360256780e-01
4.192212457541548076e+01 1.401212689942314604e+01 1.617003102414749662e+02 1.125336604529722351e+01 2.204584695090839119e+01 6.563620616014575582e+00 1.193774717444419098e+00 1.009398644692182767e+00 8.187552685324730462e-01 1.091255744550851392e-01
