7.860000000000000000e+02 1.900000000000000000e+01
9.400000000000000000e+01 1.500000000000000000e+01
3.440000000000000000e+02 2.500000000000000000e+01
6.700000000000000000e+01 1.700000000000000000e+01
6.840000000000000000e+02 1.900000000000000000e+01
1.384000000000000000e+03 2.300000000000000000e+01
3.940000000000000000e+02 1.500000000000000000e+01
1.035000000000000000e+03 2.700000000000000000e+01
3.210000000000000000e+02 1.900000000000000000e+01
2.624000000000000000e+03 5.200000000000000000e+01
1.045000000000000000e+03 1.600000000000000000e+01
3.083000000000000000e+03 8.600000000000000000e+01
3.590000000000000000e+02 2.000000000000000000e+01
2.990000000000000000e+02 3.700000000000000000e+01
5.320000000000000000e+02 4.100000000000000000e+01
2.920000000000000000e+02 2.400000000000000000e+01
6.460000000000000000e+02 2.100000000000000000e+01
7.100000000000000000e+02 2.300000000000000000e+01
1.510000000000000000e+03 3.100000000000000000e+01
2.550000000000000000e+02 2.000000000000000000e+01
4.370000000000000000e+02 2.200000000000000000e+01
1.456000000000000000e+03 4.900000000000000000e+01
2.280000000000000000e+02 2.000000000000000000e+01
7.220000000000000000e+02 1.400000000000000000e+01
1.283000000000000000e+03 1.600000000000000000e+01
8.270000000000000000e+02 2.700000000000000000e+01
8.970000000000000000e+02 2.800000000000000000e+01
4.700000000000000000e+02 7.200000000000000000e+01
1.010000000000000000e+03 2.300000000000000000e+01
2.170000000000000000e+02 4.800000000000000000e+01
5.730000000000000000e+02 3.400000000000000000e+01
1.810000000000000000e+03 4.900000000000000000e+01
5.290000000000000000e+02 1.400000000000000000e+01
8.440000000000000000e+02 3.000000000000000000e+01
2.740000000000000000e+02 1.400000000000000000e+01
7.450000000000000000e+02 2.200000000000000000e+01
3.440000000000000000e+02 2.700000000000000000e+01
1.263000000000000000e+03 1.700000000000000000e+01
1.008000000000000000e+03 2.100000000000000000e+01
8.110000000000000000e+02 1.400000000000000000e+01
8.030000000000000000e+02 2.300000000000000000e+01
1.890000000000000000e+02 6.600000000000000000e+01
5.650000000000000000e+02 1.800000000000000000e+01
6.790000000000000000e+02 1.400000000000000000e+01
2.460000000000000000e+02 2.700000000000000000e+01
1.220000000000000000e+02 1.800000000000000000e+01
6.560000000000000000e+02 2.400000000000000000e+01
7.690000000000000000e+02 4.200000000000000000e+01
3.870000000000000000e+02 1.400000000000000000e+01
7.070000000000000000e+02 2.000000000000000000e+01
7.050000000000000000e+02 5.300000000000000000e+01
7.470000000000000000e+02 1.300000000000000000e+01
2.200000000000000000e+02 1.900000000000000000e+01
8.700000000000000000e+02 3.500000000000000000e+01
3.790000000000000000e+02 2.400000000000000000e+01
2.850000000000000000e+02 1.600000000000000000e+01
5.520000000000000000e+02 1.500000000000000000e+01
2.640000000000000000e+02 1.800000000000000000e+01
1.335000000000000000e+03 3.500000000000000000e+01
1.773000000000000000e+03 4.000000000000000000e+01
9.540000000000000000e+02 3.500000000000000000e+01
3.160000000000000000e+02 1.300000000000000000e+01
9.090000000000000000e+02 5.900000000000000000e+01
1.200000000000000000e+03 2.200000000000000000e+01
9.280000000000000000e+02 2.700000000000000000e+01
5.490000000000000000e+02 1.800000000000000000e+01
1.067000000000000000e+03 3.700000000000000000e+01
1.060000000000000000e+03 3.200000000000000000e+01
4.930000000000000000e+02 1.900000000000000000e+01
7.260000000000000000e+02 2.000000000000000000e+01
3.320000000000000000e+02 1.100000000000000000e+01
6.850000000000000000e+02 1.300000000000000000e+01
7.300000000000000000e+02 2.000000000000000000e+01
2.260000000000000000e+02 1.700000000000000000e+01
5.980000000000000000e+02 1.200000000000000000e+01
2.148000000000000000e+03 4.300000000000000000e+01
7.050000000000000000e+02 1.300000000000000000e+01
6.400000000000000000e+02 3.600000000000000000e+01
2.660000000000000000e+02 2.500000000000000000e+01
6.110000000000000000e+02 2.500000000000000000e+01
4.600000000000000000e+02 2.400000000000000000e+01
6.700000000000000000e+02 1.500000000000000000e+01
1.055000000000000000e+03 6.000000000000000000e+01
6.160000000000000000e+02 2.000000000000000000e+01
8.350000000000000000e+02 2.300000000000000000e+01
1.118000000000000000e+03 1.400000000000000000e+01
7.050000000000000000e+02 1.800000000000000000e+01
3.520000000000000000e+02 2.100000000000000000e+01
4.530000000000000000e+02 1.200000000000000000e+01
1.886000000000000000e+03 2.500000000000000000e+01
7.810000000000000000e+02 2.600000000000000000e+01
1.566000000000000000e+03 3.000000000000000000e+01
4.530000000000000000e+02 1.800000000000000000e+01
3.290000000000000000e+02 2.900000000000000000e+01
5.310000000000000000e+02 4.300000000000000000e+01
6.550000000000000000e+02 2.800000000000000000e+01
7.570000000000000000e+02 2.100000000000000000e+01
1.034000000000000000e+03 1.600000000000000000e+01
1.470000000000000000e+02 4.000000000000000000e+01
2.880000000000000000e+02 1.700000000000000000e+01
