3.606000000000000000e+03
7.260000000000000000e+02
9.000000000000000000e+01
1.155000000000000000e+03
7.560000000000000000e+02
8.800000000000000000e+01
1.603000000000000000e+03
9.120000000000000000e+02
3.924000000000000000e+03
2.390000000000000000e+02
7.990000000000000000e+02
1.726000000000000000e+03
1.092000000000000000e+03
2.294000000000000000e+03
1.689000000000000000e+03
3.162000000000000000e+03
6.490000000000000000e+02
8.460000000000000000e+02
6.020000000000000000e+02
1.619000000000000000e+03
9.070000000000000000e+02
2.305000000000000000e+03
2.062000000000000000e+03
1.549000000000000000e+03
2.258000000000000000e+03
1.052000000000000000e+03
1.927000000000000000e+03
7.470000000000000000e+02
8.310000000000000000e+02
5.006000000000000000e+03
1.870000000000000000e+02
2.540000000000000000e+02
9.040000000000000000e+02
1.636000000000000000e+03
1.500000000000000000e+02
1.381000000000000000e+03
3.242000000000000000e+03
3.089000000000000000e+03
4.010000000000000000e+02
1.603000000000000000e+03
4.730000000000000000e+02
1.196000000000000000e+03
9.730000000000000000e+02
1.349000000000000000e+03
2.150000000000000000e+02
1.537000000000000000e+03
1.177000000000000000e+03
1.763000000000000000e+03
5.240000000000000000e+02
1.734000000000000000e+03
1.778000000000000000e+03
3.560000000000000000e+02
2.260000000000000000e+03
1.880000000000000000e+03
3.254000000000000000e+03
5.130000000000000000e+02
2.801000000000000000e+03
4.840000000000000000e+02
9.980000000000000000e+02
1.330000000000000000e+02
2.152000000000000000e+03
2.529000000000000000e+03
1.400000000000000000e+03
8.310000000000000000e+02
1.760000000000000000e+02
1.041000000000000000e+03
3.295000000000000000e+03
7.400000000000000000e+02
3.164000000000000000e+03
1.270000000000000000e+02
1.182000000000000000e+03
3.198000000000000000e+03
1.323000000000000000e+03
1.219000000000000000e+03
8.540000000000000000e+02
4.740000000000000000e+02
5.580000000000000000e+02
2.690000000000000000e+02
3.612000000000000000e+03
2.478000000000000000e+03
1.468000000000000000e+03
4.085000000000000000e+03
2.807000000000000000e+03
1.533000000000000000e+03
8.340000000000000000e+02
1.541000000000000000e+03
6.660000000000000000e+02
1.494000000000000000e+03
1.579000000000000000e+03
1.057000000000000000e+03
9.180000000000000000e+02
3.004000000000000000e+03
4.850000000000000000e+02
1.500000000000000000e+03
1.839000000000000000e+03
1.162000000000000000e+03
7.800000000000000000e+02
8.310000000000000000e+02
1.217000000000000000e+03
1.399000000000000000e+03
