2.297363281250000000e+03 5.600000000000000000e+01
5.908203125000000000e+02 3.900000000000000000e+01
8.911132812500000000e+02 3.200000000000000000e+01
7.336425781250000000e+02 2.300000000000000000e+01
4.534912109375000000e+02 3.900000000000000000e+01
2.593994140625000000e+02 3.300000000000000000e+01
1.409912109375000000e+02 2.300000000000000000e+01
2.264404296875000000e+02 1.800000000000000000e+01
1.989746093750000000e+02 4.900000000000000000e+01
1.459350585937500000e+03 3.700000000000000000e+01
1.212768554687500000e+03 2.800000000000000000e+01
1.169433593750000000e+03 2.400000000000000000e+01
4.211425781250000000e+02 2.800000000000000000e+01
5.651855468750000000e+02 1.900000000000000000e+01
5.023193359375000000e+02 2.900000000000000000e+01
4.473876953125000000e+02 2.200000000000000000e+01
8.331298828125000000e+02 2.400000000000000000e+01
2.142333984375000000e+02 2.500000000000000000e+01
8.691406250000000000e+02 3.700000000000000000e+01
5.181884765625000000e+02 3.700000000000000000e+01
1.809082031250000000e+03 4.600000000000000000e+01
9.179687500000000000e+02 4.300000000000000000e+01
7.574462890625000000e+02 2.400000000000000000e+01
2.085571289062500000e+03 5.500000000000000000e+01
9.002685546875000000e+02 5.200000000000000000e+01
1.240844726562500000e+03 3.100000000000000000e+01
1.721191406250000000e+02 2.200000000000000000e+01
1.749267578125000000e+03 3.300000000000000000e+01
8.239746093750000000e+02 2.600000000000000000e+01
5.682373046875000000e+02 2.900000000000000000e+01
8.447265625000000000e+02 2.600000000000000000e+01
4.931640625000000000e+02 2.500000000000000000e+01
9.381103515625000000e+02 2.500000000000000000e+01
2.276611328125000000e+02 3.800000000000000000e+01
1.077270507812500000e+03 4.200000000000000000e+01
1.405639648437500000e+03 3.800000000000000000e+01
8.605957031250000000e+01 2.400000000000000000e+01
8.685302734375000000e+02 2.000000000000000000e+01
3.118896484375000000e+02 1.400000000000000000e+01
9.997558593750000000e+02 2.000000000000000000e+01
1.605224609375000000e+03 7.500000000000000000e+01
3.515625000000000000e+02 2.400000000000000000e+01
9.716796875000000000e+02 2.700000000000000000e+01
1.069335937500000000e+03 4.700000000000000000e+01
1.266479492187500000e+03 4.400000000000000000e+01
2.862548828125000000e+02 3.100000000000000000e+01
1.792602539062500000e+03 3.600000000000000000e+01
9.838867187500000000e+02 3.100000000000000000e+01
1.362915039062500000e+03 2.800000000000000000e+01
8.837890625000000000e+02 3.400000000000000000e+01
1.636352539062500000e+03 8.000000000000000000e+01
6.439208984375000000e+02 4.100000000000000000e+01
3.247070312500000000e+02 2.300000000000000000e+01
1.371459960937500000e+03 4.900000000000000000e+01
1.389770507812500000e+03 2.900000000000000000e+01
7.409667968750000000e+02 6.800000000000000000e+01
7.080078125000000000e+01 1.700000000000000000e+01
7.244873046875000000e+02 3.000000000000000000e+01
1.326293945312500000e+03 3.300000000000000000e+01
1.071166992187500000e+03 1.900000000000000000e+01
8.666992187500000000e+02 4.100000000000000000e+01
2.124023437500000000e+03 5.300000000000000000e+01
1.173706054687500000e+03 2.500000000000000000e+01
1.403808593750000000e+02 1.700000000000000000e+01
6.878662109375000000e+02 2.000000000000000000e+01
1.213989257812500000e+03 3.100000000000000000e+01
4.724121093750000000e+02 2.100000000000000000e+01
1.970825195312500000e+03 4.000000000000000000e+01
3.070068359375000000e+02 2.200000000000000000e+01
4.388427734375000000e+02 4.300000000000000000e+01
6.188964843750000000e+02 2.300000000000000000e+01
5.474853515625000000e+02 2.300000000000000000e+01
6.610107421875000000e+02 3.600000000000000000e+01
6.549072265625000000e+02 2.500000000000000000e+01
1.103515625000000000e+03 3.700000000000000000e+01
2.093505859375000000e+02 3.200000000000000000e+01
7.214355468750000000e+02 3.100000000000000000e+01
1.031494140625000000e+03 3.100000000000000000e+01
1.177978515625000000e+02 2.600000000000000000e+01
6.640625000000000000e+02 2.100000000000000000e+01
2.154541015625000000e+02 1.400000000000000000e+01
2.386474609375000000e+03 6.200000000000000000e+01
5.700683593750000000e+02 2.300000000000000000e+01
8.489990234375000000e+02 1.400000000000000000e+01
4.064941406250000000e+02 3.100000000000000000e+01
1.168823242187500000e+03 4.100000000000000000e+01
3.027343750000000000e+02 2.000000000000000000e+01
3.729248046875000000e+02 2.100000000000000000e+01
7.946777343750000000e+02 6.400000000000000000e+01
4.962158203125000000e+02 5.300000000000000000e+01
1.839599609375000000e+03 4.600000000000000000e+01
7.293701171875000000e+02 3.300000000000000000e+01
2.087402343750000000e+02 1.700000000000000000e+01
2.624511718750000000e+02 2.900000000000000000e+01
1.272583007812500000e+03 5.400000000000000000e+01
8.007812500000000000e+02 3.900000000000000000e+01
4.248046875000000000e+02 2.500000000000000000e+01
6.945800781250000000e+02 2.200000000000000000e+01
9.552001953125000000e+02 2.700000000000000000e+01
4.986572265625000000e+02 1.800000000000000000e+01
