3.429000000000000000e+03
1.940000000000000000e+02
7.770000000000000000e+02
1.270000000000000000e+02
1.560000000000000000e+03
1.830000000000000000e+03
9.290000000000000000e+02
1.322000000000000000e+03
4.280000000000000000e+02
3.405000000000000000e+03
1.766000000000000000e+03
6.188000000000000000e+03
5.480000000000000000e+02
5.390000000000000000e+02
9.550000000000000000e+02
4.910000000000000000e+02
8.670000000000000000e+02
1.192000000000000000e+03
2.536000000000000000e+03
4.270000000000000000e+02
5.460000000000000000e+02
2.063000000000000000e+03
3.730000000000000000e+02
1.641000000000000000e+03
2.435000000000000000e+03
1.645000000000000000e+03
1.739000000000000000e+03
5.840000000000000000e+02
1.507000000000000000e+03
4.420000000000000000e+02
8.730000000000000000e+02
2.953000000000000000e+03
1.137000000000000000e+03
1.752000000000000000e+03
8.150000000000000000e+02
1.493000000000000000e+03
4.280000000000000000e+02
3.623000000000000000e+03
2.350000000000000000e+03
1.844000000000000000e+03
1.507000000000000000e+03
3.950000000000000000e+02
9.910000000000000000e+02
1.580000000000000000e+03
3.310000000000000000e+02
2.330000000000000000e+02
1.219000000000000000e+03
1.394000000000000000e+03
9.100000000000000000e+02
1.237000000000000000e+03
1.028000000000000000e+03
1.582000000000000000e+03
4.160000000000000000e+02
1.082000000000000000e+03
9.430000000000000000e+02
5.890000000000000000e+02
1.583000000000000000e+03
6.040000000000000000e+02
2.150000000000000000e+03
2.669000000000000000e+03
3.191000000000000000e+03
1.018000000000000000e+03
1.709000000000000000e+03
2.947000000000000000e+03
1.518000000000000000e+03
1.428000000000000000e+03
2.282000000000000000e+03
1.652000000000000000e+03
9.950000000000000000e+02
1.521000000000000000e+03
6.190000000000000000e+02
1.567000000000000000e+03
1.346000000000000000e+03
4.150000000000000000e+02
1.347000000000000000e+03
2.604000000000000000e+03
4.853000000000000000e+03
1.041000000000000000e+03
4.660000000000000000e+02
1.112000000000000000e+03
7.710000000000000000e+02
1.048000000000000000e+03
1.696000000000000000e+03
1.388000000000000000e+03
1.886000000000000000e+03
3.291000000000000000e+03
1.090000000000000000e+03
8.280000000000000000e+02
1.912000000000000000e+03
3.261000000000000000e+03
1.101000000000000000e+03
1.924000000000000000e+03
8.080000000000000000e+02
4.620000000000000000e+02
1.022000000000000000e+03
1.173000000000000000e+03
1.770000000000000000e+03
2.305000000000000000e+03
2.150000000000000000e+02
5.720000000000000000e+02
