2.300000000000000000e+02
1.763000000000000000e+03
6.490000000000000000e+02
6.770000000000000000e+02
1.458000000000000000e+03
9.970000000000000000e+02
1.361000000000000000e+03
1.292000000000000000e+03
9.290000000000000000e+02
3.102000000000000000e+03
2.079000000000000000e+03
1.626000000000000000e+03
1.517000000000000000e+03
2.095000000000000000e+03
1.797000000000000000e+03
1.083000000000000000e+03
4.040000000000000000e+03
2.940000000000000000e+03
1.320000000000000000e+03
5.296000000000000000e+03
8.440000000000000000e+02
2.336000000000000000e+03
1.138000000000000000e+03
1.635000000000000000e+03
1.377000000000000000e+03
2.080000000000000000e+02
1.594000000000000000e+03
2.660000000000000000e+02
3.998000000000000000e+03
3.364000000000000000e+03
9.790000000000000000e+02
5.067000000000000000e+03
1.949000000000000000e+03
5.620000000000000000e+02
1.128000000000000000e+03
6.970000000000000000e+02
9.390000000000000000e+02
1.380000000000000000e+02
4.900000000000000000e+02
3.148000000000000000e+03
2.072000000000000000e+03
5.940000000000000000e+02
2.460000000000000000e+02
1.384000000000000000e+03
3.880000000000000000e+02
1.795000000000000000e+03
1.536000000000000000e+03
1.496000000000000000e+03
1.370000000000000000e+03
1.663000000000000000e+03
5.400000000000000000e+02
1.608000000000000000e+03
6.360000000000000000e+02
1.281000000000000000e+03
2.390000000000000000e+02
1.703000000000000000e+03
2.350000000000000000e+02
6.910000000000000000e+02
1.520000000000000000e+03
4.091000000000000000e+03
6.840000000000000000e+02
1.093000000000000000e+03
3.673000000000000000e+03
5.210000000000000000e+02
8.820000000000000000e+02
1.059000000000000000e+03
6.240000000000000000e+02
1.814000000000000000e+03
2.416000000000000000e+03
1.805000000000000000e+03
2.344000000000000000e+03
3.660000000000000000e+02
3.580000000000000000e+02
2.443000000000000000e+03
6.770000000000000000e+02
9.170000000000000000e+02
4.290000000000000000e+02
4.280000000000000000e+02
2.682000000000000000e+03
1.698000000000000000e+03
1.891000000000000000e+03
1.835000000000000000e+03
1.607000000000000000e+03
1.220000000000000000e+02
3.207000000000000000e+03
1.284000000000000000e+03
2.633000000000000000e+03
4.720000000000000000e+02
1.411000000000000000e+03
3.126000000000000000e+03
2.505000000000000000e+03
1.232000000000000000e+03
3.308000000000000000e+03
8.860000000000000000e+02
1.950000000000000000e+02
1.193000000000000000e+03
2.753000000000000000e+03
6.440000000000000000e+02
4.920000000000000000e+02
1.111000000000000000e+03
