7.110000000000000000e+02
1.005000000000000000e+03
2.356000000000000000e+03
4.923000000000000000e+03
2.090000000000000000e+03
4.120000000000000000e+02
9.090000000000000000e+02
3.811000000000000000e+03
1.710000000000000000e+03
1.391000000000000000e+03
2.103000000000000000e+03
8.790000000000000000e+02
6.432000000000000000e+03
2.440000000000000000e+03
1.773000000000000000e+03
1.159000000000000000e+03
9.430000000000000000e+02
3.943000000000000000e+03
1.570000000000000000e+02
1.085000000000000000e+03
7.280000000000000000e+02
8.910000000000000000e+02
1.466000000000000000e+03
4.660000000000000000e+02
1.040000000000000000e+03
1.446000000000000000e+03
4.120000000000000000e+02
1.531000000000000000e+03
1.988000000000000000e+03
1.753000000000000000e+03
1.584000000000000000e+03
6.320000000000000000e+02
2.723000000000000000e+03
2.820000000000000000e+03
1.889000000000000000e+03
1.464000000000000000e+03
3.740000000000000000e+02
4.510000000000000000e+02
2.885000000000000000e+03
1.755000000000000000e+03
9.190000000000000000e+02
2.290000000000000000e+03
6.960000000000000000e+02
8.380000000000000000e+02
1.256000000000000000e+03
2.857000000000000000e+03
1.648000000000000000e+03
4.830000000000000000e+02
7.400000000000000000e+02
1.674000000000000000e+03
6.940000000000000000e+02
8.750000000000000000e+02
1.511000000000000000e+03
2.369000000000000000e+03
1.846000000000000000e+03
1.809000000000000000e+03
1.455000000000000000e+03
1.145000000000000000e+03
2.405000000000000000e+03
1.149000000000000000e+03
2.947000000000000000e+03
8.100000000000000000e+02
2.345000000000000000e+03
7.030000000000000000e+02
1.513000000000000000e+03
2.946000000000000000e+03
3.633000000000000000e+03
1.639000000000000000e+03
1.876000000000000000e+03
2.053000000000000000e+03
6.490000000000000000e+02
8.850000000000000000e+02
1.184000000000000000e+03
4.638000000000000000e+03
2.108000000000000000e+03
1.492000000000000000e+03
1.715000000000000000e+03
1.580000000000000000e+02
6.040000000000000000e+02
1.079000000000000000e+03
1.382000000000000000e+03
6.140000000000000000e+02
1.877000000000000000e+03
1.563000000000000000e+03
2.549000000000000000e+03
9.500000000000000000e+02
8.900000000000000000e+01
7.680000000000000000e+02
2.039000000000000000e+03
2.240000000000000000e+02
4.322000000000000000e+03
1.631000000000000000e+03
1.170000000000000000e+03
1.530000000000000000e+02
8.990000000000000000e+02
1.106000000000000000e+03
2.275000000000000000e+03
6.980000000000000000e+02
4.680000000000000000e+02
6.810000000000000000e+02
