3.998000000000000000e+03
8.060000000000000000e+02
1.309000000000000000e+03
1.347000000000000000e+03
9.690000000000000000e+02
4.670000000000000000e+02
2.410000000000000000e+02
4.220000000000000000e+02
3.790000000000000000e+02
2.546000000000000000e+03
1.964000000000000000e+03
1.902000000000000000e+03
7.390000000000000000e+02
9.530000000000000000e+02
6.610000000000000000e+02
7.020000000000000000e+02
1.791000000000000000e+03
3.470000000000000000e+02
1.676000000000000000e+03
7.260000000000000000e+02
4.739000000000000000e+03
2.278000000000000000e+03
9.640000000000000000e+02
4.171000000000000000e+03
1.698000000000000000e+03
2.322000000000000000e+03
2.040000000000000000e+02
2.127000000000000000e+03
1.873000000000000000e+03
1.008000000000000000e+03
1.564000000000000000e+03
6.990000000000000000e+02
1.099000000000000000e+03
3.660000000000000000e+02
2.284000000000000000e+03
2.330000000000000000e+03
1.730000000000000000e+02
1.556000000000000000e+03
6.060000000000000000e+02
1.472000000000000000e+03
2.286000000000000000e+03
4.600000000000000000e+02
1.871000000000000000e+03
2.696000000000000000e+03
2.524000000000000000e+03
5.960000000000000000e+02
3.612000000000000000e+03
2.054000000000000000e+03
2.528000000000000000e+03
1.602000000000000000e+03
3.974000000000000000e+03
9.030000000000000000e+02
5.070000000000000000e+02
1.742000000000000000e+03
1.825000000000000000e+03
1.316000000000000000e+03
1.330000000000000000e+02
1.121000000000000000e+03
2.426000000000000000e+03
2.341000000000000000e+03
1.188000000000000000e+03
4.937000000000000000e+03
1.285000000000000000e+03
1.950000000000000000e+02
1.124000000000000000e+03
1.959000000000000000e+03
5.860000000000000000e+02
3.571000000000000000e+03
6.000000000000000000e+02
9.960000000000000000e+02
1.177000000000000000e+03
9.660000000000000000e+02
1.105000000000000000e+03
1.202000000000000000e+03
2.162000000000000000e+03
4.000000000000000000e+02
1.611000000000000000e+03
1.614000000000000000e+03
1.980000000000000000e+02
1.007000000000000000e+03
4.000000000000000000e+02
3.798000000000000000e+03
1.564000000000000000e+03
1.334000000000000000e+03
6.850000000000000000e+02
1.633000000000000000e+03
3.890000000000000000e+02
6.200000000000000000e+02
1.367000000000000000e+03
7.310000000000000000e+02
3.208000000000000000e+03
1.307000000000000000e+03
3.240000000000000000e+02
4.990000000000000000e+02
2.711000000000000000e+03
1.658000000000000000e+03
8.080000000000000000e+02
8.970000000000000000e+02
1.477000000000000000e+03
7.420000000000000000e+02
