1.434326171875000000e+02 2.800000000000000000e+01
8.380126953125000000e+02 4.100000000000000000e+01
5.065917968750000000e+02 1.800000000000000000e+01
3.472900390625000000e+02 1.900000000000000000e+01
7.769775390625000000e+02 2.300000000000000000e+01
7.489013671875000000e+02 1.400000000000000000e+01
9.704589843750000000e+02 4.200000000000000000e+01
6.719970703125000000e+02 5.300000000000000000e+01
5.541992187500000000e+02 3.000000000000000000e+01
1.327514648437500000e+03 5.100000000000000000e+01
1.426391601562500000e+03 5.200000000000000000e+01
1.119995117187500000e+03 2.800000000000000000e+01
9.460449218750000000e+02 2.300000000000000000e+01
9.698486328125000000e+02 2.700000000000000000e+01
8.105468750000000000e+02 2.500000000000000000e+01
7.244873046875000000e+02 2.200000000000000000e+01
2.824096679687500000e+03 6.700000000000000000e+01
1.516723632812500000e+03 3.900000000000000000e+01
6.152343750000000000e+02 2.500000000000000000e+01
3.233642578125000000e+03 8.700000000000000000e+01
5.468750000000000000e+02 4.400000000000000000e+01
1.616821289062500000e+03 4.800000000000000000e+01
8.569335937500000000e+02 2.800000000000000000e+01
1.096191406250000000e+03 3.000000000000000000e+01
1.097412109375000000e+03 2.400000000000000000e+01
1.507568359375000000e+02 2.800000000000000000e+01
1.174316406250000000e+03 3.100000000000000000e+01
2.185058593750000000e+02 7.600000000000000000e+01
2.014160156250000000e+03 4.800000000000000000e+01
1.965332031250000000e+03 5.700000000000000000e+01
7.183837890625000000e+02 7.100000000000000000e+01
1.932373046875000000e+03 4.500000000000000000e+01
1.311035156250000000e+03 2.300000000000000000e+01
4.968261718750000000e+02 4.900000000000000000e+01
5.426025390625000000e+02 4.200000000000000000e+01
4.595947265625000000e+02 2.900000000000000000e+01
6.561279296875000000e+02 2.000000000000000000e+01
8.911132812500000000e+01 2.300000000000000000e+01
2.526855468750000000e+02 2.100000000000000000e+01
1.604003906250000000e+03 4.900000000000000000e+01
1.159667968750000000e+03 4.700000000000000000e+01
3.833007812500000000e+02 2.000000000000000000e+01
1.739501953125000000e+02 3.100000000000000000e+01
7.330322265625000000e+02 2.000000000000000000e+01
2.722167968750000000e+02 1.700000000000000000e+01
1.217041015625000000e+03 2.600000000000000000e+01
1.115722656250000000e+03 4.100000000000000000e+01
7.543945312500000000e+02 3.000000000000000000e+01
7.489013671875000000e+02 3.400000000000000000e+01
1.215820312500000000e+03 3.200000000000000000e+01
3.619384765625000000e+02 2.800000000000000000e+01
1.418457031250000000e+03 2.700000000000000000e+01
3.387451171875000000e+02 1.500000000000000000e+01
7.556152343750000000e+02 2.500000000000000000e+01
1.635742187500000000e+02 1.700000000000000000e+01
9.564208984375000000e+02 2.400000000000000000e+01
1.391601562500000000e+02 2.300000000000000000e+01
3.875732421875000000e+02 5.500000000000000000e+01
7.672119140625000000e+02 2.800000000000000000e+01
2.301025390625000000e+03 4.500000000000000000e+01
4.718017578125000000e+02 4.400000000000000000e+01
7.568359375000000000e+02 2.600000000000000000e+01
1.982421875000000000e+03 5.900000000000000000e+01
3.082275390625000000e+02 1.800000000000000000e+01
4.510498046875000000e+02 6.000000000000000000e+01
5.212402343750000000e+02 1.700000000000000000e+01
3.503417968750000000e+02 2.300000000000000000e+01
8.404541015625000000e+02 3.200000000000000000e+01
1.171875000000000000e+03 2.800000000000000000e+01
1.315307617187500000e+03 3.800000000000000000e+01
1.341552734375000000e+03 3.200000000000000000e+01
2.648925781250000000e+02 1.400000000000000000e+01
2.258300781250000000e+02 5.900000000000000000e+01
1.143188476562500000e+03 4.400000000000000000e+01
3.540039062500000000e+02 3.800000000000000000e+01
5.432128906250000000e+02 3.200000000000000000e+01
2.532958984375000000e+02 2.200000000000000000e+01
2.972412109375000000e+02 3.700000000000000000e+01
1.219482421875000000e+03 3.100000000000000000e+01
9.332275390625000000e+02 2.000000000000000000e+01
9.161376953125000000e+02 2.500000000000000000e+01
1.072387695312500000e+03 3.100000000000000000e+01
7.806396484375000000e+02 2.700000000000000000e+01
8.972167968750000000e+01 1.500000000000000000e+01
1.846313476562500000e+03 5.500000000000000000e+01
7.568359375000000000e+02 1.900000000000000000e+01
1.826782226562500000e+03 6.000000000000000000e+01
2.349853515625000000e+02 3.000000000000000000e+01
9.167480468750000000e+02 2.300000000000000000e+01
1.903686523437500000e+03 4.200000000000000000e+01
1.821899414062500000e+03 4.000000000000000000e+01
6.909179687500000000e+02 1.700000000000000000e+01
2.484741210937500000e+03 6.200000000000000000e+01
7.403564453125000000e+02 2.400000000000000000e+01
1.544189453125000000e+02 1.900000000000000000e+01
5.798339843750000000e+02 1.700000000000000000e+01
1.104736328125000000e+03 2.700000000000000000e+01
3.466796875000000000e+02 1.800000000000000000e+01
2.435302734375000000e+02 2.300000000000000000e+01
5.493164062500000000e+02 2.900000000000000000e+01
