8.886718750000000000e+02 3.200000000000000000e+01
1.211547851562500000e+03 2.400000000000000000e+01
5.853271484375000000e+02 3.900000000000000000e+01
1.790771484375000000e+03 4.800000000000000000e+01
1.129150390625000000e+03 4.600000000000000000e+01
1.528320312500000000e+03 3.000000000000000000e+01
8.972167968750000000e+02 3.000000000000000000e+01
2.252197265625000000e+03 6.000000000000000000e+01
3.637695312500000000e+02 1.600000000000000000e+01
8.728027343750000000e+02 3.400000000000000000e+01
1.163330078125000000e+03 6.000000000000000000e+01
1.477050781250000000e+02 3.700000000000000000e+01
9.478759765625000000e+02 2.500000000000000000e+01
6.817626953125000000e+02 1.400000000000000000e+01
1.392822265625000000e+03 3.500000000000000000e+01
8.746337890625000000e+02 3.100000000000000000e+01
1.727905273437500000e+03 3.700000000000000000e+01
7.629394531250000000e+02 1.900000000000000000e+01
4.071044921875000000e+02 2.100000000000000000e+01
1.346435546875000000e+03 3.200000000000000000e+01
1.441650390625000000e+03 3.100000000000000000e+01
7.080078125000000000e+02 1.500000000000000000e+01
3.082275390625000000e+02 3.000000000000000000e+01
3.319091796875000000e+03 6.400000000000000000e+01
7.849121093750000000e+02 2.800000000000000000e+01
5.322265625000000000e+02 1.800000000000000000e+01
7.714843750000000000e+02 4.400000000000000000e+01
8.331298828125000000e+02 2.100000000000000000e+01
6.701660156250000000e+02 2.200000000000000000e+01
8.526611328125000000e+02 2.800000000000000000e+01
1.006469726562500000e+03 5.500000000000000000e+01
1.022338867187500000e+03 1.700000000000000000e+01
8.312988281250000000e+02 2.100000000000000000e+01
2.783813476562500000e+03 8.700000000000000000e+01
3.924560546875000000e+02 2.100000000000000000e+01
2.404785156250000000e+02 1.900000000000000000e+01
3.735351562500000000e+02 4.500000000000000000e+01
7.366943359375000000e+02 2.000000000000000000e+01
2.563476562500000000e+02 1.500000000000000000e+01
2.563476562500000000e+02 5.500000000000000000e+01
1.205444335937500000e+03 2.200000000000000000e+01
1.560668945312500000e+03 4.600000000000000000e+01
3.020629882812500000e+03 5.400000000000000000e+01
7.672119140625000000e+02 2.200000000000000000e+01
1.171875000000000000e+02 1.800000000000000000e+01
1.300048828125000000e+02 1.600000000000000000e+01
4.156494140625000000e+02 2.100000000000000000e+01
1.363525390625000000e+03 2.300000000000000000e+01
1.824951171875000000e+03 3.900000000000000000e+01
4.638671875000000000e+02 4.100000000000000000e+01
2.695922851562500000e+03 6.800000000000000000e+01
1.034545898437500000e+03 2.300000000000000000e+01
2.172851562500000000e+02 1.800000000000000000e+01
1.929931640625000000e+03 3.400000000000000000e+01
6.335449218750000000e+02 2.800000000000000000e+01
1.475219726562500000e+03 3.700000000000000000e+01
1.971435546875000000e+02 2.600000000000000000e+01
1.801147460937500000e+03 5.100000000000000000e+01
7.299804687500000000e+02 2.900000000000000000e+01
3.472900390625000000e+02 2.200000000000000000e+01
1.864624023437500000e+03 6.300000000000000000e+01
1.358642578125000000e+03 3.200000000000000000e+01
6.213378906250000000e+02 1.700000000000000000e+01
7.147216796875000000e+02 3.900000000000000000e+01
3.448486328125000000e+02 2.300000000000000000e+01
6.848144531250000000e+02 1.700000000000000000e+01
1.123046875000000000e+03 2.600000000000000000e+01
7.098388671875000000e+02 3.600000000000000000e+01
1.021118164062500000e+03 2.400000000000000000e+01
2.379760742187500000e+03 3.600000000000000000e+01
4.492187500000000000e+02 2.100000000000000000e+01
1.195678710937500000e+03 4.700000000000000000e+01
2.612304687500000000e+02 2.400000000000000000e+01
1.007080078125000000e+02 2.700000000000000000e+01
1.562500000000000000e+02 2.900000000000000000e+01
1.271972656250000000e+03 2.900000000000000000e+01
7.513427734375000000e+02 2.500000000000000000e+01
9.558105468750000000e+02 1.600000000000000000e+01
7.122802734375000000e+02 3.100000000000000000e+01
6.567382812500000000e+02 2.100000000000000000e+01
1.544799804687500000e+03 6.200000000000000000e+01
5.432128906250000000e+01 1.700000000000000000e+01
8.776855468750000000e+02 2.600000000000000000e+01
6.054687500000000000e+02 2.300000000000000000e+01
6.121826171875000000e+02 2.100000000000000000e+01
1.959228515625000000e+02 3.100000000000000000e+01
1.209106445312500000e+03 4.600000000000000000e+01
1.000976562500000000e+03 2.900000000000000000e+01
1.988525390625000000e+03 4.400000000000000000e+01
3.967285156250000000e+02 1.700000000000000000e+01
7.794189453125000000e+02 1.700000000000000000e+01
7.598876953125000000e+02 5.200000000000000000e+01
1.071166992187500000e+03 3.300000000000000000e+01
3.277587890625000000e+02 3.200000000000000000e+01
1.584472656250000000e+03 6.700000000000000000e+01
1.232910156250000000e+02 1.900000000000000000e+01
8.666992187500000000e+02 3.900000000000000000e+01
7.708740234375000000e+02 3.900000000000000000e+01
5.578613281250000000e+02 1.800000000000000000e+01
1.127319335937500000e+03 3.500000000000000000e+01
5.969238281250000000e+02 2.900000000000000000e+01
6.597900390625000000e+02 2.000000000000000000e+01
3.759765625000000000e+02 3.200000000000000000e+01
3.936767578125000000e+02 1.300000000000000000e+01
2.258300781250000000e+02 1.200000000000000000e+01
4.241943359375000000e+02 2.900000000000000000e+01
2.368164062500000000e+02 2.300000000000000000e+01
4.663085937500000000e+02 2.200000000000000000e+01
1.006469726562500000e+03 2.800000000000000000e+01
1.849365234375000000e+03 4.800000000000000000e+01
3.442382812500000000e+02 3.700000000000000000e+01
1.091308593750000000e+03 2.700000000000000000e+01
1.046142578125000000e+03 2.300000000000000000e+01
2.454223632812500000e+03 4.200000000000000000e+01
1.488647460937500000e+03 5.000000000000000000e+01
2.981567382812500000e+03 8.200000000000000000e+01
5.957031250000000000e+02 2.600000000000000000e+01
6.542968750000000000e+02 1.700000000000000000e+01
2.087402343750000000e+02 2.900000000000000000e+01
2.064819335937500000e+03 5.900000000000000000e+01
9.826660156250000000e+02 4.100000000000000000e+01
2.347412109375000000e+03 4.600000000000000000e+01
6.463623046875000000e+02 2.500000000000000000e+01
6.921386718750000000e+02 1.500000000000000000e+01
6.835937500000000000e+01 1.600000000000000000e+01
3.155517578125000000e+02 1.800000000000000000e+01
4.437255859375000000e+02 3.300000000000000000e+01
1.247558593750000000e+03 2.600000000000000000e+01
1.094970703125000000e+03 3.000000000000000000e+01
1.763916015625000000e+02 2.500000000000000000e+01
1.910400390625000000e+02 3.100000000000000000e+01
9.600830078125000000e+02 2.100000000000000000e+01
1.161499023437500000e+03 2.600000000000000000e+01
5.969238281250000000e+02 2.900000000000000000e+01
6.677246093750000000e+02 2.400000000000000000e+01
6.488037109375000000e+02 1.900000000000000000e+01
8.306884765625000000e+02 2.200000000000000000e+01
8.660888671875000000e+02 2.700000000000000000e+01
1.082153320312500000e+03 2.600000000000000000e+01
8.013916015625000000e+02 2.500000000000000000e+01
4.241943359375000000e+02 2.300000000000000000e+01
5.181884765625000000e+02 2.600000000000000000e+01
1.158447265625000000e+03 5.800000000000000000e+01
6.213378906250000000e+02 2.800000000000000000e+01
1.237792968750000000e+03 3.200000000000000000e+01
1.445922851562500000e+03 6.000000000000000000e+01
1.923217773437500000e+03 4.000000000000000000e+01
7.067871093750000000e+02 5.600000000000000000e+01
2.612304687500000000e+02 3.100000000000000000e+01
5.798339843750000000e+02 2.300000000000000000e+01
1.631469726562500000e+03 3.000000000000000000e+01
3.552246093750000000e+02 2.600000000000000000e+01
1.110839843750000000e+03 2.900000000000000000e+01
1.392211914062500000e+03 3.100000000000000000e+01
6.915283203125000000e+02 5.200000000000000000e+01
2.947998046875000000e+02 2.400000000000000000e+01
1.365356445312500000e+03 3.300000000000000000e+01
1.577758789062500000e+03 4.000000000000000000e+01
8.703613281250000000e+02 3.400000000000000000e+01
3.637695312500000000e+02 4.900000000000000000e+01
9.472656250000000000e+02 2.400000000000000000e+01
9.936523437500000000e+02 4.000000000000000000e+01
1.614379882812500000e+03 4.600000000000000000e+01
1.088867187500000000e+03 2.200000000000000000e+01
1.473999023437500000e+03 3.000000000000000000e+01
5.767822265625000000e+02 1.900000000000000000e+01
1.350097656250000000e+03 2.700000000000000000e+01
1.183471679687500000e+03 5.700000000000000000e+01
1.976928710937500000e+03 3.300000000000000000e+01
8.508300781250000000e+02 6.500000000000000000e+01
7.495117187500000000e+02 3.000000000000000000e+01
9.875488281250000000e+02 1.800000000000000000e+01
1.295166015625000000e+03 4.500000000000000000e+01
6.341552734375000000e+02 2.400000000000000000e+01
1.098022460937500000e+03 3.200000000000000000e+01
9.521484375000000000e+02 3.000000000000000000e+01
6.640625000000000000e+02 2.000000000000000000e+01
6.439208984375000000e+02 6.800000000000000000e+01
2.020874023437500000e+03 4.900000000000000000e+01
4.528808593750000000e+02 2.800000000000000000e+01
9.179687500000000000e+02 3.100000000000000000e+01
6.195068359375000000e+02 4.000000000000000000e+01
1.330566406250000000e+03 4.800000000000000000e+01
7.379150390625000000e+02 2.100000000000000000e+01
8.245849609375000000e+02 1.800000000000000000e+01
5.670166015625000000e+02 2.900000000000000000e+01
1.251220703125000000e+03 3.900000000000000000e+01
6.652832031250000000e+01 1.700000000000000000e+01
1.861572265625000000e+02 1.600000000000000000e+01
6.628417968750000000e+02 1.900000000000000000e+01
1.024780273437500000e+03 3.400000000000000000e+01
1.367797851562500000e+03 2.900000000000000000e+01
8.618164062500000000e+02 3.700000000000000000e+01
6.079101562500000000e+02 1.700000000000000000e+01
1.188964843750000000e+03 2.200000000000000000e+01
5.816650390625000000e+02 2.800000000000000000e+01
4.040527343750000000e+02 3.500000000000000000e+01
7.244873046875000000e+02 3.800000000000000000e+01
1.794433593750000000e+03 4.100000000000000000e+01
6.427001953125000000e+02 3.700000000000000000e+01
6.427001953125000000e+02 3.200000000000000000e+01
5.804443359375000000e+02 1.900000000000000000e+01
4.711914062500000000e+02 2.300000000000000000e+01
1.413574218750000000e+03 3.700000000000000000e+01
1.609497070312500000e+03 5.200000000000000000e+01
8.258056640625000000e+02 3.100000000000000000e+01
6.506347656250000000e+02 2.400000000000000000e+01
1.042480468750000000e+03 6.500000000000000000e+01
4.986572265625000000e+02 2.100000000000000000e+01
1.033325195312500000e+03 3.100000000000000000e+01
1.015014648437500000e+03 2.400000000000000000e+01
2.655029296875000000e+02 2.200000000000000000e+01
2.551269531250000000e+02 2.400000000000000000e+01
1.153564453125000000e+02 1.700000000000000000e+01
3.131103515625000000e+02 3.600000000000000000e+01
5.773925781250000000e+02 1.900000000000000000e+01
5.444335937500000000e+02 1.900000000000000000e+01
6.072998046875000000e+02 2.300000000000000000e+01
3.582763671875000000e+02 3.900000000000000000e+01
6.774902343750000000e+02 4.600000000000000000e+01
7.409667968750000000e+02 2.300000000000000000e+01
2.343750000000000000e+02 3.200000000000000000e+01
5.047607421875000000e+02 3.100000000000000000e+01
1.295776367187500000e+03 3.500000000000000000e+01
7.409667968750000000e+02 4.400000000000000000e+01
8.569335937500000000e+02 2.500000000000000000e+01
1.994018554687500000e+03 8.700000000000000000e+01
1.831054687500000000e+02 3.400000000000000000e+01
1.982421875000000000e+03 3.400000000000000000e+01
1.367187500000000000e+02 2.600000000000000000e+01
9.088134765625000000e+02 3.000000000000000000e+01
1.071166992187500000e+03 1.600000000000000000e+01
1.354980468750000000e+02 2.500000000000000000e+01
1.177978515625000000e+02 1.800000000000000000e+01
1.655273437500000000e+03 5.900000000000000000e+01
5.871582031250000000e+02 1.800000000000000000e+01
1.977539062500000000e+02 4.600000000000000000e+01
4.278564453125000000e+02 1.600000000000000000e+01
5.883789062500000000e+02 2.000000000000000000e+01
2.020263671875000000e+02 2.500000000000000000e+01
8.374023437500000000e+02 2.900000000000000000e+01
1.749267578125000000e+03 5.100000000000000000e+01
7.055664062500000000e+02 2.500000000000000000e+01
3.869628906250000000e+02 2.100000000000000000e+01
7.092285156250000000e+02 5.400000000000000000e+01
1.808471679687500000e+03 4.800000000000000000e+01
6.848144531250000000e+02 3.600000000000000000e+01
1.435546875000000000e+03 2.300000000000000000e+01
7.012939453125000000e+02 2.400000000000000000e+01
2.968750000000000000e+03 7.700000000000000000e+01
2.661132812500000000e+02 3.900000000000000000e+01
3.253173828125000000e+02 3.500000000000000000e+01
3.907470703125000000e+03 8.400000000000000000e+01
3.022460937500000000e+03 5.700000000000000000e+01
1.273193359375000000e+03 4.900000000000000000e+01
1.212158203125000000e+03 3.500000000000000000e+01
4.754638671875000000e+02 2.000000000000000000e+01
4.663085937500000000e+02 1.600000000000000000e+01
3.961181640625000000e+02 1.400000000000000000e+01
1.022949218750000000e+03 3.900000000000000000e+01
2.617797851562500000e+03 4.900000000000000000e+01
1.910400390625000000e+03 4.700000000000000000e+01
5.285644531250000000e+02 2.500000000000000000e+01
1.728515625000000000e+03 4.400000000000000000e+01
4.052734375000000000e+02 5.200000000000000000e+01
3.143310546875000000e+02 1.600000000000000000e+01
1.174316406250000000e+03 5.200000000000000000e+01
3.894042968750000000e+02 3.100000000000000000e+01
1.483154296875000000e+02 2.200000000000000000e+01
1.647949218750000000e+03 5.200000000000000000e+01
1.418457031250000000e+03 4.500000000000000000e+01
5.462646484375000000e+02 3.100000000000000000e+01
8.453369140625000000e+02 3.200000000000000000e+01
1.403198242187500000e+03 3.900000000000000000e+01
5.487060546875000000e+02 2.000000000000000000e+01
1.095581054687500000e+03 2.600000000000000000e+01
8.898925781250000000e+02 3.000000000000000000e+01
1.862182617187500000e+03 5.300000000000000000e+01
1.289672851562500000e+03 4.800000000000000000e+01
8.581542968750000000e+02 2.200000000000000000e+01
5.462646484375000000e+02 3.200000000000000000e+01
7.574462890625000000e+02 2.300000000000000000e+01
1.021118164062500000e+03 2.600000000000000000e+01
9.692382812500000000e+02 4.300000000000000000e+01
1.069946289062500000e+03 2.800000000000000000e+01
1.694335937500000000e+03 4.900000000000000000e+01
3.747558593750000000e+02 3.100000000000000000e+01
6.353759765625000000e+02 2.300000000000000000e+01
1.514282226562500000e+03 2.800000000000000000e+01
1.230468750000000000e+03 4.000000000000000000e+01
7.586669921875000000e+02 3.100000000000000000e+01
2.130737304687500000e+03 4.300000000000000000e+01
1.093139648437500000e+03 2.900000000000000000e+01
2.868652343750000000e+02 4.500000000000000000e+01
3.643798828125000000e+02 3.000000000000000000e+01
3.076171875000000000e+02 2.200000000000000000e+01
1.524658203125000000e+03 3.000000000000000000e+01
2.200317382812500000e+03 4.100000000000000000e+01
1.344604492187500000e+03 6.200000000000000000e+01
7.427978515625000000e+02 2.200000000000000000e+01
5.932617187500000000e+02 1.800000000000000000e+01
1.099243164062500000e+03 4.500000000000000000e+01
1.176147460937500000e+03 4.500000000000000000e+01
1.153564453125000000e+03 2.200000000000000000e+01
6.811523437500000000e+02 2.300000000000000000e+01
1.927490234375000000e+03 4.200000000000000000e+01
1.369018554687500000e+03 4.400000000000000000e+01
5.584716796875000000e+02 2.000000000000000000e+01
6.854248046875000000e+02 2.000000000000000000e+01
7.873535156250000000e+01 2.100000000000000000e+01
6.433105468750000000e+02 2.400000000000000000e+01
3.778076171875000000e+02 3.300000000000000000e+01
1.203613281250000000e+03 5.000000000000000000e+01
4.290771484375000000e+02 2.200000000000000000e+01
2.020263671875000000e+03 5.400000000000000000e+01
7.324218750000000000e+02 3.100000000000000000e+01
8.917236328125000000e+02 3.100000000000000000e+01
1.063232421875000000e+03 3.100000000000000000e+01
6.164550781250000000e+02 3.900000000000000000e+01
7.958984375000000000e+02 6.500000000000000000e+01
7.299804687500000000e+02 2.100000000000000000e+01
1.037597656250000000e+03 5.200000000000000000e+01
9.271240234375000000e+02 7.900000000000000000e+01
3.442382812500000000e+02 9.300000000000000000e+01
2.020263671875000000e+02 2.800000000000000000e+01
8.190917968750000000e+02 1.900000000000000000e+01
4.510498046875000000e+02 2.300000000000000000e+01
7.501220703125000000e+02 2.700000000000000000e+01
1.440429687500000000e+02 2.500000000000000000e+01
2.691650390625000000e+02 2.000000000000000000e+01
9.216308593750000000e+02 4.100000000000000000e+01
6.329345703125000000e+02 2.200000000000000000e+01
2.960205078125000000e+02 2.100000000000000000e+01
9.680175781250000000e+02 2.000000000000000000e+01
1.351928710937500000e+03 3.800000000000000000e+01
4.650878906250000000e+02 2.600000000000000000e+01
1.744995117187500000e+03 5.600000000000000000e+01
1.837158203125000000e+02 2.700000000000000000e+01
1.586914062500000000e+03 4.600000000000000000e+01
9.625244140625000000e+02 3.900000000000000000e+01
6.903076171875000000e+02 3.700000000000000000e+01
1.107788085937500000e+03 2.600000000000000000e+01
1.481933593750000000e+03 3.600000000000000000e+01
1.290283203125000000e+03 2.600000000000000000e+01
6.433105468750000000e+02 2.200000000000000000e+01
9.680175781250000000e+02 2.200000000000000000e+01
6.860351562500000000e+02 1.800000000000000000e+01
1.441040039062500000e+03 3.200000000000000000e+01
3.761596679687500000e+03 7.300000000000000000e+01
5.999755859375000000e+02 2.300000000000000000e+01
1.186523437500000000e+03 2.800000000000000000e+01
4.541015625000000000e+02 2.900000000000000000e+01
1.965332031250000000e+03 3.700000000000000000e+01
7.403564453125000000e+02 3.600000000000000000e+01
1.024169921875000000e+03 4.900000000000000000e+01
1.182250976562500000e+03 4.200000000000000000e+01
8.068847656250000000e+02 5.500000000000000000e+01
1.691284179687500000e+03 6.900000000000000000e+01
3.179931640625000000e+02 5.100000000000000000e+01
1.012573242187500000e+03 2.100000000000000000e+01
7.171630859375000000e+02 2.000000000000000000e+01
7.702636718750000000e+02 2.600000000000000000e+01
1.521606445312500000e+03 2.500000000000000000e+01
9.405517578125000000e+02 2.900000000000000000e+01
2.606201171875000000e+02 3.200000000000000000e+01
2.534179687500000000e+03 4.700000000000000000e+01
6.689453125000000000e+02 3.000000000000000000e+01
1.961669921875000000e+03 7.100000000000000000e+01
5.822753906250000000e+02 1.900000000000000000e+01
5.487060546875000000e+02 2.600000000000000000e+01
2.954101562500000000e+02 2.500000000000000000e+01
6.652832031250000000e+02 1.900000000000000000e+01
5.145263671875000000e+02 2.300000000000000000e+01
2.825927734375000000e+02 1.700000000000000000e+01
7.470703125000000000e+02 2.400000000000000000e+01
4.071044921875000000e+02 2.600000000000000000e+01
8.630371093750000000e+02 2.200000000000000000e+01
1.448364257812500000e+03 5.000000000000000000e+01
1.092529296875000000e+02 1.900000000000000000e+01
1.398925781250000000e+03 3.600000000000000000e+01
3.690795898437500000e+03 1.030000000000000000e+02
4.571533203125000000e+02 2.800000000000000000e+01
1.198730468750000000e+03 4.100000000000000000e+01
7.452392578125000000e+02 2.000000000000000000e+01
7.232666015625000000e+02 2.000000000000000000e+01
1.220703125000000000e+03 2.100000000000000000e+01
1.119384765625000000e+03 3.200000000000000000e+01
3.320312500000000000e+02 1.700000000000000000e+01
3.082275390625000000e+02 2.400000000000000000e+01
3.186035156250000000e+02 5.100000000000000000e+01
8.148193359375000000e+02 2.800000000000000000e+01
5.053710937500000000e+02 2.400000000000000000e+01
1.449584960937500000e+03 4.600000000000000000e+01
7.818603515625000000e+02 2.800000000000000000e+01
6.958007812500000000e+02 3.600000000000000000e+01
1.064453125000000000e+03 2.300000000000000000e+01
9.405517578125000000e+02 2.800000000000000000e+01
9.576416015625000000e+02 2.400000000000000000e+01
1.799926757812500000e+03 3.700000000000000000e+01
2.279663085937500000e+03 3.700000000000000000e+01
7.086181640625000000e+02 2.100000000000000000e+01
1.371459960937500000e+03 2.900000000000000000e+01
5.175781250000000000e+02 3.700000000000000000e+01
1.116943359375000000e+03 2.700000000000000000e+01
4.925537109375000000e+02 2.600000000000000000e+01
3.171386718750000000e+03 6.500000000000000000e+01
1.128540039062500000e+03 3.700000000000000000e+01
9.887695312500000000e+01 1.500000000000000000e+01
5.554199218750000000e+02 4.200000000000000000e+01
4.864501953125000000e+02 3.100000000000000000e+01
1.157226562500000000e+03 3.600000000000000000e+01
9.704589843750000000e+01 3.500000000000000000e+01
4.211425781250000000e+02 1.900000000000000000e+01
8.154296875000000000e+02 3.600000000000000000e+01
3.466796875000000000e+02 1.800000000000000000e+01
3.082275390625000000e+02 4.500000000000000000e+01
1.589355468750000000e+03 3.300000000000000000e+01
1.021118164062500000e+03 4.000000000000000000e+01
1.324462890625000000e+02 1.400000000000000000e+01
3.497314453125000000e+02 3.300000000000000000e+01
1.783447265625000000e+03 3.900000000000000000e+01
9.936523437500000000e+02 2.100000000000000000e+01
6.036376953125000000e+02 2.500000000000000000e+01
6.378173828125000000e+02 2.500000000000000000e+01
1.043701171875000000e+03 3.100000000000000000e+01
5.981445312500000000e+02 3.900000000000000000e+01
3.149414062500000000e+02 2.000000000000000000e+01
1.043090820312500000e+03 2.900000000000000000e+01
8.685302734375000000e+02 3.500000000000000000e+01
1.196289062500000000e+03 3.700000000000000000e+01
4.296875000000000000e+02 1.900000000000000000e+01
1.737060546875000000e+03 3.000000000000000000e+01
1.118164062500000000e+03 2.400000000000000000e+01
2.581787109375000000e+02 2.400000000000000000e+01
1.639404296875000000e+03 3.300000000000000000e+01
1.222534179687500000e+03 4.200000000000000000e+01
1.330566406250000000e+02 1.900000000000000000e+01
4.412841796875000000e+02 3.300000000000000000e+01
5.749511718750000000e+02 2.600000000000000000e+01
4.010009765625000000e+02 1.600000000000000000e+01
1.699218750000000000e+03 4.000000000000000000e+01
6.884765625000000000e+02 4.200000000000000000e+01
7.220458984375000000e+02 2.500000000000000000e+01
1.140136718750000000e+03 2.300000000000000000e+01
1.439819335937500000e+03 2.700000000000000000e+01
1.588134765625000000e+03 3.900000000000000000e+01
1.030273437500000000e+03 3.000000000000000000e+01
1.403198242187500000e+03 2.900000000000000000e+01
8.258056640625000000e+02 6.300000000000000000e+01
2.116088867187500000e+03 3.200000000000000000e+01
1.767578125000000000e+03 5.600000000000000000e+01
5.560302734375000000e+02 1.700000000000000000e+01
4.193115234375000000e+02 3.600000000000000000e+01
1.290893554687500000e+03 2.700000000000000000e+01
9.973144531250000000e+02 2.200000000000000000e+01
1.522827148437500000e+03 6.600000000000000000e+01
5.224609375000000000e+02 2.400000000000000000e+01
3.185424804687500000e+03 7.500000000000000000e+01
2.042236328125000000e+03 6.100000000000000000e+01
9.161376953125000000e+02 2.600000000000000000e+01
5.218505859375000000e+02 1.700000000000000000e+01
7.818603515625000000e+02 1.900000000000000000e+01
4.254150390625000000e+02 3.900000000000000000e+01
4.870605468750000000e+02 1.900000000000000000e+01
3.277587890625000000e+02 2.400000000000000000e+01
7.409667968750000000e+02 3.400000000000000000e+01
7.238769531250000000e+02 1.800000000000000000e+01
1.229248046875000000e+03 5.500000000000000000e+01
1.036987304687500000e+03 2.100000000000000000e+01
6.042480468750000000e+02 2.800000000000000000e+01
6.518554687500000000e+02 2.600000000000000000e+01
1.434326171875000000e+02 2.700000000000000000e+01
1.155395507812500000e+03 2.200000000000000000e+01
1.824951171875000000e+03 4.000000000000000000e+01
2.136840820312500000e+03 5.000000000000000000e+01
1.341552734375000000e+03 2.900000000000000000e+01
9.027099609375000000e+02 1.800000000000000000e+01
4.125976562500000000e+02 2.100000000000000000e+01
8.679199218750000000e+02 2.500000000000000000e+01
7.031250000000000000e+02 4.200000000000000000e+01
1.727294921875000000e+02 1.700000000000000000e+01
3.222656250000000000e+02 1.300000000000000000e+01
5.889892578125000000e+02 2.200000000000000000e+01
1.260986328125000000e+03 3.500000000000000000e+01
1.210937500000000000e+03 4.700000000000000000e+01
3.845214843750000000e+02 2.200000000000000000e+01
5.694580078125000000e+02 1.900000000000000000e+01
5.181884765625000000e+02 4.000000000000000000e+01
6.909179687500000000e+02 2.700000000000000000e+01
7.519531250000000000e+02 3.600000000000000000e+01
7.421875000000000000e+02 2.200000000000000000e+01
1.792602539062500000e+03 5.300000000000000000e+01
1.099853515625000000e+03 3.000000000000000000e+01
7.623291015625000000e+02 3.100000000000000000e+01
8.172607421875000000e+02 2.900000000000000000e+01
2.253417968750000000e+03 4.700000000000000000e+01
8.728027343750000000e+02 2.400000000000000000e+01
2.188720703125000000e+03 5.300000000000000000e+01
9.014892578125000000e+02 1.500000000000000000e+01
1.837158203125000000e+02 2.900000000000000000e+01
2.075195312500000000e+02 1.200000000000000000e+01
6.323242187500000000e+02 1.800000000000000000e+01
3.057861328125000000e+02 3.200000000000000000e+01
1.967773437500000000e+03 4.400000000000000000e+01
7.470703125000000000e+02 4.100000000000000000e+01
1.485595703125000000e+03 4.100000000000000000e+01
1.608276367187500000e+03 3.200000000000000000e+01
9.283447265625000000e+02 1.900000000000000000e+01
3.820800781250000000e+02 3.600000000000000000e+01
1.019287109375000000e+02 1.900000000000000000e+01
3.192138671875000000e+02 1.700000000000000000e+01
7.373046875000000000e+02 2.300000000000000000e+01
2.960205078125000000e+02 4.100000000000000000e+01
8.642578125000000000e+02 2.300000000000000000e+01
2.368164062500000000e+02 2.400000000000000000e+01
1.392211914062500000e+03 3.400000000000000000e+01
1.336669921875000000e+02 1.700000000000000000e+01
2.978515625000000000e+02 1.400000000000000000e+01
1.576538085937500000e+03 4.300000000000000000e+01
8.367919921875000000e+02 2.200000000000000000e+01
7.391357421875000000e+02 3.200000000000000000e+01
1.446533203125000000e+02 1.800000000000000000e+01
9.381103515625000000e+02 3.700000000000000000e+01
6.439208984375000000e+02 3.300000000000000000e+01
9.594726562500000000e+02 4.200000000000000000e+01
1.144409179687500000e+03 4.200000000000000000e+01
1.909790039062500000e+03 6.700000000000000000e+01
2.049560546875000000e+03 4.400000000000000000e+01
1.033935546875000000e+03 4.100000000000000000e+01
7.946777343750000000e+02 4.900000000000000000e+01
1.180419921875000000e+03 4.400000000000000000e+01
4.779052734375000000e+02 2.700000000000000000e+01
9.350585937500000000e+02 2.700000000000000000e+01
5.517578125000000000e+02 1.600000000000000000e+01
4.443359375000000000e+02 1.700000000000000000e+01
2.105712890625000000e+02 3.000000000000000000e+01
1.375732421875000000e+03 3.800000000000000000e+01
2.930297851562500000e+03 6.400000000000000000e+01
1.667480468750000000e+03 4.300000000000000000e+01
7.141113281250000000e+02 3.000000000000000000e+01
8.966064453125000000e+02 2.900000000000000000e+01
4.223632812500000000e+02 4.100000000000000000e+01
5.187988281250000000e+02 4.100000000000000000e+01
8.483886718750000000e+02 3.100000000000000000e+01
2.062988281250000000e+02 3.900000000000000000e+01
4.309082031250000000e+02 3.100000000000000000e+01
9.680175781250000000e+02 3.000000000000000000e+01
7.788085937500000000e+02 2.400000000000000000e+01
1.282958984375000000e+03 2.900000000000000000e+01
1.293945312500000000e+03 2.400000000000000000e+01
3.307495117187500000e+03 7.000000000000000000e+01
4.858398437500000000e+02 2.800000000000000000e+01
8.410644531250000000e+02 1.800000000000000000e+01
2.056884765625000000e+02 1.600000000000000000e+01
8.648681640625000000e+02 2.100000000000000000e+01
4.785156250000000000e+02 2.300000000000000000e+01
5.438232421875000000e+02 3.600000000000000000e+01
8.056640625000000000e+02 4.700000000000000000e+01
7.922363281250000000e+02 3.600000000000000000e+01
1.105346679687500000e+03 3.000000000000000000e+01
1.290283203125000000e+03 3.800000000000000000e+01
1.806030273437500000e+03 3.400000000000000000e+01
8.776855468750000000e+02 2.500000000000000000e+01
8.227539062500000000e+02 3.700000000000000000e+01
7.171630859375000000e+02 2.800000000000000000e+01
1.187133789062500000e+03 2.500000000000000000e+01
7.922363281250000000e+02 1.900000000000000000e+01
8.374023437500000000e+02 3.100000000000000000e+01
1.657714843750000000e+03 2.600000000000000000e+01
8.489990234375000000e+02 2.500000000000000000e+01
4.754638671875000000e+02 2.200000000000000000e+01
5.621337890625000000e+02 3.100000000000000000e+01
8.087158203125000000e+02 5.000000000000000000e+01
1.989746093750000000e+02 2.400000000000000000e+01
3.020629882812500000e+03 6.100000000000000000e+01
1.093750000000000000e+03 2.600000000000000000e+01
1.343994140625000000e+03 2.000000000000000000e+01
5.328369140625000000e+02 1.700000000000000000e+01
1.060791015625000000e+03 4.400000000000000000e+01
4.888916015625000000e+02 1.600000000000000000e+01
4.290771484375000000e+02 2.500000000000000000e+01
1.384887695312500000e+03 5.500000000000000000e+01
1.658935546875000000e+03 6.000000000000000000e+01
1.567382812500000000e+03 4.400000000000000000e+01
4.315185546875000000e+02 2.000000000000000000e+01
6.744384765625000000e+02 2.500000000000000000e+01
9.600830078125000000e+02 5.900000000000000000e+01
7.482910156250000000e+02 3.100000000000000000e+01
7.330322265625000000e+02 3.200000000000000000e+01
8.331298828125000000e+02 2.000000000000000000e+01
1.122436523437500000e+03 4.200000000000000000e+01
1.041870117187500000e+03 2.000000000000000000e+01
1.998901367187500000e+03 4.300000000000000000e+01
1.260986328125000000e+03 3.400000000000000000e+01
1.483764648437500000e+03 7.100000000000000000e+01
1.083374023437500000e+03 2.200000000000000000e+01
3.387451171875000000e+02 1.800000000000000000e+01
1.696166992187500000e+03 4.200000000000000000e+01
9.277343750000000000e+02 4.200000000000000000e+01
7.733154296875000000e+02 2.100000000000000000e+01
1.419067382812500000e+03 6.700000000000000000e+01
1.035766601562500000e+03 2.600000000000000000e+01
1.216430664062500000e+03 3.300000000000000000e+01
4.559326171875000000e+02 3.700000000000000000e+01
2.022094726562500000e+03 6.700000000000000000e+01
1.989746093750000000e+03 5.200000000000000000e+01
8.343505859375000000e+02 5.000000000000000000e+01
1.365966796875000000e+03 4.700000000000000000e+01
8.831787109375000000e+02 2.400000000000000000e+01
1.367187500000000000e+02 2.500000000000000000e+01
1.820068359375000000e+03 4.600000000000000000e+01
1.451416015625000000e+03 2.300000000000000000e+01
8.569335937500000000e+02 4.100000000000000000e+01
7.135009765625000000e+02 2.200000000000000000e+01
1.120605468750000000e+03 3.100000000000000000e+01
6.854248046875000000e+02 2.700000000000000000e+01
1.141967773437500000e+03 3.100000000000000000e+01
5.267333984375000000e+02 7.200000000000000000e+01
1.854858398437500000e+03 5.400000000000000000e+01
5.499267578125000000e+02 3.500000000000000000e+01
2.886962890625000000e+02 1.600000000000000000e+01
2.819213867187500000e+03 7.300000000000000000e+01
1.045532226562500000e+03 2.900000000000000000e+01
5.688476562500000000e+02 3.600000000000000000e+01
8.447265625000000000e+02 1.900000000000000000e+01
1.483154296875000000e+02 2.700000000000000000e+01
6.591796875000000000e+01 2.400000000000000000e+01
6.292724609375000000e+02 2.300000000000000000e+01
1.177978515625000000e+03 2.600000000000000000e+01
1.176147460937500000e+03 2.300000000000000000e+01
7.202148437500000000e+02 3.400000000000000000e+01
3.674316406250000000e+02 2.800000000000000000e+01
1.154174804687500000e+03 6.400000000000000000e+01
2.059326171875000000e+03 4.400000000000000000e+01
1.193847656250000000e+03 2.400000000000000000e+01
1.104125976562500000e+03 4.700000000000000000e+01
1.000976562500000000e+03 2.300000000000000000e+01
2.972412109375000000e+02 1.800000000000000000e+01
3.822631835937500000e+03 8.400000000000000000e+01
5.358886718750000000e+02 2.800000000000000000e+01
2.752685546875000000e+02 2.900000000000000000e+01
1.043701171875000000e+02 1.600000000000000000e+01
1.105957031250000000e+03 4.200000000000000000e+01
3.308105468750000000e+02 2.800000000000000000e+01
1.680297851562500000e+03 5.700000000000000000e+01
5.609130859375000000e+02 1.700000000000000000e+01
1.227416992187500000e+03 2.200000000000000000e+01
3.521728515625000000e+02 4.200000000000000000e+01
1.550292968750000000e+02 1.900000000000000000e+01
5.694580078125000000e+02 3.500000000000000000e+01
7.513427734375000000e+02 7.700000000000000000e+01
4.602050781250000000e+02 2.200000000000000000e+01
2.059326171875000000e+03 6.100000000000000000e+01
1.011352539062500000e+03 3.300000000000000000e+01
5.590820312500000000e+02 4.300000000000000000e+01
5.328369140625000000e+02 2.400000000000000000e+01
8.166503906250000000e+02 1.500000000000000000e+01
1.480102539062500000e+03 3.800000000000000000e+01
7.098388671875000000e+02 1.800000000000000000e+01
2.801513671875000000e+02 5.200000000000000000e+01
3.942871093750000000e+02 1.900000000000000000e+01
7.281494140625000000e+02 2.200000000000000000e+01
1.499023437500000000e+03 4.600000000000000000e+01
6.042480468750000000e+01 1.900000000000000000e+01
1.171875000000000000e+03 3.400000000000000000e+01
8.203125000000000000e+02 2.900000000000000000e+01
4.412841796875000000e+02 4.500000000000000000e+01
7.110595703125000000e+02 2.600000000000000000e+01
6.658935546875000000e+02 3.500000000000000000e+01
1.293945312500000000e+02 1.600000000000000000e+01
1.037597656250000000e+03 4.100000000000000000e+01
1.250000000000000000e+03 4.500000000000000000e+01
1.776123046875000000e+02 2.600000000000000000e+01
6.719970703125000000e+02 3.500000000000000000e+01
2.496337890625000000e+02 3.000000000000000000e+01
3.106689453125000000e+02 4.600000000000000000e+01
6.512451171875000000e+02 2.300000000000000000e+01
1.199340820312500000e+03 2.700000000000000000e+01
1.407470703125000000e+03 6.700000000000000000e+01
4.449462890625000000e+02 2.400000000000000000e+01
5.474853515625000000e+02 2.100000000000000000e+01
5.560302734375000000e+02 2.900000000000000000e+01
7.476806640625000000e+02 1.500000000000000000e+01
6.390380859375000000e+02 4.100000000000000000e+01
1.561279296875000000e+03 6.100000000000000000e+01
1.560668945312500000e+03 3.800000000000000000e+01
5.755615234375000000e+02 2.900000000000000000e+01
1.068725585937500000e+03 2.500000000000000000e+01
2.460937500000000000e+03 8.500000000000000000e+01
7.617187500000000000e+02 1.600000000000000000e+01
1.284790039062500000e+03 2.400000000000000000e+01
1.082763671875000000e+03 2.300000000000000000e+01
1.115112304687500000e+03 2.900000000000000000e+01
1.434326171875000000e+02 3.100000000000000000e+01
3.698730468750000000e+02 5.500000000000000000e+01
1.712646484375000000e+03 5.700000000000000000e+01
2.117919921875000000e+02 2.400000000000000000e+01
2.307128906250000000e+02 4.200000000000000000e+01
2.465820312500000000e+02 2.900000000000000000e+01
3.204345703125000000e+02 2.600000000000000000e+01
8.843994140625000000e+02 3.600000000000000000e+01
6.011962890625000000e+02 2.700000000000000000e+01
2.502441406250000000e+02 3.100000000000000000e+01
4.974365234375000000e+02 2.400000000000000000e+01
2.514648437500000000e+02 2.000000000000000000e+01
1.215209960937500000e+03 7.500000000000000000e+01
1.244506835937500000e+03 3.500000000000000000e+01
5.963134765625000000e+02 4.100000000000000000e+01
4.223632812500000000e+02 1.900000000000000000e+01
8.288574218750000000e+02 2.800000000000000000e+01
6.372070312500000000e+02 4.900000000000000000e+01
1.586914062500000000e+03 3.200000000000000000e+01
9.619140625000000000e+02 5.700000000000000000e+01
4.821777343750000000e+02 5.500000000000000000e+01
1.054077148437500000e+03 3.400000000000000000e+01
1.713256835937500000e+03 6.100000000000000000e+01
4.980468750000000000e+02 3.600000000000000000e+01
2.795410156250000000e+02 1.500000000000000000e+01
1.213378906250000000e+03 2.100000000000000000e+01
4.187011718750000000e+02 3.100000000000000000e+01
3.216552734375000000e+02 1.400000000000000000e+01
5.340576171875000000e+02 3.600000000000000000e+01
8.880615234375000000e+02 3.200000000000000000e+01
1.202392578125000000e+02 2.200000000000000000e+01
1.781616210937500000e+03 4.600000000000000000e+01
1.049804687500000000e+03 1.700000000000000000e+01
2.715454101562500000e+03 6.500000000000000000e+01
1.961059570312500000e+03 4.500000000000000000e+01
7.745361328125000000e+02 2.600000000000000000e+01
1.912841796875000000e+03 4.600000000000000000e+01
1.239013671875000000e+03 3.600000000000000000e+01
1.145019531250000000e+03 4.500000000000000000e+01
8.966064453125000000e+02 4.100000000000000000e+01
4.418945312500000000e+02 3.400000000000000000e+01
5.523681640625000000e+02 2.500000000000000000e+01
4.650878906250000000e+02 2.600000000000000000e+01
1.243896484375000000e+03 2.100000000000000000e+01
9.887695312500000000e+02 2.700000000000000000e+01
4.821777343750000000e+02 6.000000000000000000e+01
6.646728515625000000e+02 2.200000000000000000e+01
1.409912109375000000e+02 3.200000000000000000e+01
1.127319335937500000e+03 4.100000000000000000e+01
1.752319335937500000e+03 3.800000000000000000e+01
1.412353515625000000e+03 2.000000000000000000e+01
8.233642578125000000e+02 3.600000000000000000e+01
1.358032226562500000e+03 2.300000000000000000e+01
6.231689453125000000e+02 4.000000000000000000e+01
2.685546875000000000e+03 6.400000000000000000e+01
1.455688476562500000e+03 6.600000000000000000e+01
9.197998046875000000e+02 1.600000000000000000e+01
4.248046875000000000e+02 5.800000000000000000e+01
1.105957031250000000e+03 2.900000000000000000e+01
3.070068359375000000e+02 4.200000000000000000e+01
2.775878906250000000e+03 7.000000000000000000e+01
7.794189453125000000e+02 2.100000000000000000e+01
7.086181640625000000e+02 1.900000000000000000e+01
3.167724609375000000e+02 2.000000000000000000e+01
6.005859375000000000e+02 2.000000000000000000e+01
4.370117187500000000e+02 1.900000000000000000e+01
7.147216796875000000e+02 2.000000000000000000e+01
2.820434570312500000e+03 9.400000000000000000e+01
7.202148437500000000e+02 2.400000000000000000e+01
6.524658203125000000e+02 3.000000000000000000e+01
2.209472656250000000e+02 1.600000000000000000e+01
1.541137695312500000e+03 6.900000000000000000e+01
9.466552734375000000e+02 4.200000000000000000e+01
6.781005859375000000e+02 3.600000000000000000e+01
1.625976562500000000e+03 4.000000000000000000e+01
3.729248046875000000e+02 2.100000000000000000e+01
1.170654296875000000e+03 3.900000000000000000e+01
1.484985351562500000e+03 4.100000000000000000e+01
5.767822265625000000e+02 2.600000000000000000e+01
1.354980468750000000e+02 2.200000000000000000e+01
1.162109375000000000e+03 4.300000000000000000e+01
2.324829101562500000e+03 6.200000000000000000e+01
1.393432617187500000e+03 3.100000000000000000e+01
1.233520507812500000e+03 2.600000000000000000e+01
1.259155273437500000e+03 2.500000000000000000e+01
5.023193359375000000e+02 2.400000000000000000e+01
1.450805664062500000e+03 3.600000000000000000e+01
1.271972656250000000e+03 3.800000000000000000e+01
7.629394531250000000e+02 2.200000000000000000e+01
3.588867187500000000e+02 2.200000000000000000e+01
2.657470703125000000e+03 5.500000000000000000e+01
1.494750976562500000e+03 4.800000000000000000e+01
2.331542968750000000e+02 2.500000000000000000e+01
3.308715820312500000e+03 6.200000000000000000e+01
1.456909179687500000e+03 6.900000000000000000e+01
1.406860351562500000e+03 5.200000000000000000e+01
1.102905273437500000e+03 3.900000000000000000e+01
2.886962890625000000e+02 4.000000000000000000e+01
8.892822265625000000e+02 2.700000000000000000e+01
6.787109375000000000e+02 2.600000000000000000e+01
4.278564453125000000e+02 2.700000000000000000e+01
7.006835937500000000e+02 3.300000000000000000e+01
9.283447265625000000e+02 2.200000000000000000e+01
8.715820312500000000e+02 4.300000000000000000e+01
7.012939453125000000e+02 1.600000000000000000e+01
2.722167968750000000e+02 2.600000000000000000e+01
7.104492187500000000e+02 2.000000000000000000e+01
6.951904296875000000e+02 2.200000000000000000e+01
9.954833984375000000e+02 3.500000000000000000e+01
1.051025390625000000e+03 2.400000000000000000e+01
1.168212890625000000e+03 2.600000000000000000e+01
1.556396484375000000e+03 3.300000000000000000e+01
1.290283203125000000e+03 2.700000000000000000e+01
9.722900390625000000e+02 2.300000000000000000e+01
3.338623046875000000e+02 2.000000000000000000e+01
1.346435546875000000e+03 3.300000000000000000e+01
9.149169921875000000e+02 5.200000000000000000e+01
1.652221679687500000e+03 5.000000000000000000e+01
1.530761718750000000e+03 3.300000000000000000e+01
1.807250976562500000e+03 3.600000000000000000e+01
2.185058593750000000e+02 2.300000000000000000e+01
3.167724609375000000e+02 1.800000000000000000e+01
1.637573242187500000e+03 5.500000000000000000e+01
9.387207031250000000e+02 2.500000000000000000e+01
9.252929687500000000e+02 1.900000000000000000e+01
1.389160156250000000e+03 2.400000000000000000e+01
6.066894531250000000e+02 2.000000000000000000e+01
1.428833007812500000e+03 8.800000000000000000e+01
2.200317382812500000e+03 3.700000000000000000e+01
9.704589843750000000e+02 2.600000000000000000e+01
3.485107421875000000e+02 1.700000000000000000e+01
1.212768554687500000e+03 5.400000000000000000e+01
1.078491210937500000e+03 2.000000000000000000e+01
9.771728515625000000e+02 2.500000000000000000e+01
3.625488281250000000e+02 3.600000000000000000e+01
3.393554687500000000e+02 9.000000000000000000e+00
9.057617187500000000e+02 1.700000000000000000e+01
5.010986328125000000e+02 2.400000000000000000e+01
6.341552734375000000e+02 3.200000000000000000e+01
3.839111328125000000e+02 2.000000000000000000e+01
7.818603515625000000e+02 1.600000000000000000e+01
1.421508789062500000e+03 5.700000000000000000e+01
7.946777343750000000e+02 2.300000000000000000e+01
1.463623046875000000e+03 2.600000000000000000e+01
1.348876953125000000e+02 2.200000000000000000e+01
1.788330078125000000e+02 1.700000000000000000e+01
1.025390625000000000e+03 2.700000000000000000e+01
9.857177734375000000e+02 4.000000000000000000e+01
6.579589843750000000e+02 1.900000000000000000e+01
1.760864257812500000e+03 3.400000000000000000e+01
6.896972656250000000e+02 2.000000000000000000e+01
1.269531250000000000e+03 3.900000000000000000e+01
1.312255859375000000e+02 1.500000000000000000e+01
2.709960937500000000e+02 2.600000000000000000e+01
9.130859375000000000e+02 4.400000000000000000e+01
9.234619140625000000e+02 2.900000000000000000e+01
5.224609375000000000e+02 2.100000000000000000e+01
9.411621093750000000e+02 2.000000000000000000e+01
1.116943359375000000e+02 2.100000000000000000e+01
4.516601562500000000e+02 1.500000000000000000e+01
1.212768554687500000e+03 6.400000000000000000e+01
1.276245117187500000e+03 3.500000000000000000e+01
8.355712890625000000e+02 2.400000000000000000e+01
2.203369140625000000e+02 2.400000000000000000e+01
2.435302734375000000e+02 4.500000000000000000e+01
3.015136718750000000e+02 2.100000000000000000e+01
3.125000000000000000e+02 1.600000000000000000e+01
3.833007812500000000e+02 2.800000000000000000e+01
2.655029296875000000e+02 3.400000000000000000e+01
9.747314453125000000e+02 3.000000000000000000e+01
2.174682617187500000e+03 6.100000000000000000e+01
3.948974609375000000e+02 1.700000000000000000e+01
3.283691406250000000e+03 8.600000000000000000e+01
4.138183593750000000e+02 3.200000000000000000e+01
1.165771484375000000e+02 3.000000000000000000e+01
4.638671875000000000e+01 1.600000000000000000e+01
1.051025390625000000e+03 3.300000000000000000e+01
4.711914062500000000e+02 2.000000000000000000e+01
2.807617187500000000e+02 2.100000000000000000e+01
9.130859375000000000e+02 2.800000000000000000e+01
5.419921875000000000e+02 1.800000000000000000e+01
2.618408203125000000e+02 6.900000000000000000e+01
2.142333984375000000e+02 2.200000000000000000e+01
1.697998046875000000e+03 2.800000000000000000e+01
1.412353515625000000e+03 5.100000000000000000e+01
7.153320312500000000e+02 2.400000000000000000e+01
1.049804687500000000e+02 2.200000000000000000e+01
1.485595703125000000e+03 3.400000000000000000e+01
6.195068359375000000e+02 3.100000000000000000e+01
9.136962890625000000e+02 2.000000000000000000e+01
3.137207031250000000e+02 2.300000000000000000e+01
3.454589843750000000e+02 4.300000000000000000e+01
1.169433593750000000e+03 3.600000000000000000e+01
6.280517578125000000e+02 2.400000000000000000e+01
1.206665039062500000e+03 3.200000000000000000e+01
5.084228515625000000e+02 3.700000000000000000e+01
1.586914062500000000e+03 2.900000000000000000e+01
1.586303710937500000e+03 5.300000000000000000e+01
1.292114257812500000e+03 4.400000000000000000e+01
2.254028320312500000e+03 4.400000000000000000e+01
5.780029296875000000e+02 1.900000000000000000e+01
1.135253906250000000e+02 3.700000000000000000e+01
1.143798828125000000e+03 2.200000000000000000e+01
7.110595703125000000e+02 5.800000000000000000e+01
1.530151367187500000e+03 4.000000000000000000e+01
3.430175781250000000e+02 1.700000000000000000e+01
9.704589843750000000e+01 2.100000000000000000e+01
8.721923828125000000e+02 3.000000000000000000e+01
1.306152343750000000e+02 2.000000000000000000e+01
8.978271484375000000e+02 1.900000000000000000e+01
1.147460937500000000e+03 3.300000000000000000e+01
1.015625000000000000e+03 3.300000000000000000e+01
1.150512695312500000e+03 6.000000000000000000e+01
4.565429687500000000e+02 2.200000000000000000e+01
6.774902343750000000e+02 3.400000000000000000e+01
9.515380859375000000e+02 2.800000000000000000e+01
3.869628906250000000e+02 5.500000000000000000e+01
7.708740234375000000e+02 1.700000000000000000e+01
7.299804687500000000e+02 2.100000000000000000e+01
3.607177734375000000e+02 2.000000000000000000e+01
4.388427734375000000e+02 4.500000000000000000e+01
1.867675781250000000e+02 1.600000000000000000e+01
2.184448242187500000e+03 3.600000000000000000e+01
7.531738281250000000e+02 1.400000000000000000e+01
1.763916015625000000e+02 1.800000000000000000e+01
1.248168945312500000e+03 2.700000000000000000e+01
2.416992187500000000e+02 1.700000000000000000e+01
3.009033203125000000e+02 1.800000000000000000e+01
1.348876953125000000e+03 4.000000000000000000e+01
5.877685546875000000e+02 4.600000000000000000e+01
5.242919921875000000e+02 1.700000000000000000e+01
1.984863281250000000e+03 6.300000000000000000e+01
8.300781250000000000e+02 1.800000000000000000e+01
6.945800781250000000e+02 2.300000000000000000e+01
7.263183593750000000e+01 1.600000000000000000e+01
1.101684570312500000e+03 3.500000000000000000e+01
2.837524414062500000e+03 8.000000000000000000e+01
9.301757812500000000e+02 1.800000000000000000e+01
1.121215820312500000e+03 2.900000000000000000e+01
4.364013671875000000e+02 2.200000000000000000e+01
5.047607421875000000e+02 2.900000000000000000e+01
5.603027343750000000e+02 1.800000000000000000e+01
1.156005859375000000e+03 3.600000000000000000e+01
1.077880859375000000e+03 4.000000000000000000e+01
9.094238281250000000e+01 1.700000000000000000e+01
1.050415039062500000e+03 2.300000000000000000e+01
1.452026367187500000e+03 3.100000000000000000e+01
9.729003906250000000e+02 2.100000000000000000e+01
5.651855468750000000e+02 4.100000000000000000e+01
5.352783203125000000e+02 1.300000000000000000e+01
5.957031250000000000e+02 2.200000000000000000e+01
7.763671875000000000e+02 6.500000000000000000e+01
6.384277343750000000e+02 2.400000000000000000e+01
6.115722656250000000e+02 2.000000000000000000e+01
9.594726562500000000e+02 3.800000000000000000e+01
4.980468750000000000e+02 2.000000000000000000e+01
3.546142578125000000e+02 3.000000000000000000e+01
7.476806640625000000e+02 2.700000000000000000e+01
2.111816406250000000e+02 2.600000000000000000e+01
3.692626953125000000e+02 2.300000000000000000e+01
3.741455078125000000e+02 2.500000000000000000e+01
2.642822265625000000e+02 2.800000000000000000e+01
1.137084960937500000e+03 1.900000000000000000e+01
1.684570312500000000e+03 3.800000000000000000e+01
1.875610351562500000e+03 7.800000000000000000e+01
1.062011718750000000e+03 2.200000000000000000e+01
5.053710937500000000e+02 2.400000000000000000e+01
1.789550781250000000e+03 5.900000000000000000e+01
2.862548828125000000e+02 2.900000000000000000e+01
4.827880859375000000e+02 3.300000000000000000e+01
8.190917968750000000e+02 3.000000000000000000e+01
1.275634765625000000e+02 2.900000000000000000e+01
1.115112304687500000e+03 4.200000000000000000e+01
5.108642578125000000e+02 3.100000000000000000e+01
8.062744140625000000e+02 2.100000000000000000e+01
1.319580078125000000e+03 4.000000000000000000e+01
6.439208984375000000e+02 3.100000000000000000e+01
5.413818359375000000e+02 1.400000000000000000e+01
8.502197265625000000e+02 3.200000000000000000e+01
7.159423828125000000e+02 3.000000000000000000e+01
3.741455078125000000e+02 1.700000000000000000e+01
1.109008789062500000e+03 3.900000000000000000e+01
6.774902343750000000e+02 3.500000000000000000e+01
1.166381835937500000e+03 3.400000000000000000e+01
2.270507812500000000e+03 4.100000000000000000e+01
1.669311523437500000e+03 4.500000000000000000e+01
1.470336914062500000e+03 7.300000000000000000e+01
5.743408203125000000e+02 2.500000000000000000e+01
6.158447265625000000e+02 2.400000000000000000e+01
1.173095703125000000e+03 3.400000000000000000e+01
1.478271484375000000e+03 2.800000000000000000e+01
7.806396484375000000e+02 4.600000000000000000e+01
1.043090820312500000e+03 1.900000000000000000e+01
1.051635742187500000e+03 3.400000000000000000e+01
3.051757812500000000e+02 2.300000000000000000e+01
7.495117187500000000e+02 1.700000000000000000e+01
1.394042968750000000e+03 4.800000000000000000e+01
2.813720703125000000e+02 2.100000000000000000e+01
1.453857421875000000e+03 5.800000000000000000e+01
6.390380859375000000e+02 3.600000000000000000e+01
6.787109375000000000e+02 1.800000000000000000e+01
5.432128906250000000e+02 4.100000000000000000e+01
1.057739257812500000e+03 2.400000000000000000e+01
9.674072265625000000e+02 2.200000000000000000e+01
4.516601562500000000e+02 2.000000000000000000e+01
6.329345703125000000e+02 2.400000000000000000e+01
2.077636718750000000e+03 7.700000000000000000e+01
