1.826782226562500000e+03 5.100000000000000000e+01
3.631591796875000000e+02 1.800000000000000000e+01
5.920410156250000000e+01 1.500000000000000000e+01
5.590820312500000000e+02 2.200000000000000000e+01
4.162597656250000000e+02 2.600000000000000000e+01
7.385253906250000000e+01 2.400000000000000000e+01
7.531738281250000000e+02 1.700000000000000000e+01
5.175781250000000000e+02 2.000000000000000000e+01
1.704711914062500000e+03 4.600000000000000000e+01
1.293945312500000000e+02 4.900000000000000000e+01
4.980468750000000000e+02 1.500000000000000000e+01
8.935546875000000000e+02 3.500000000000000000e+01
9.222412109375000000e+02 3.400000000000000000e+01
1.242065429687500000e+03 3.300000000000000000e+01
9.088134765625000000e+02 2.700000000000000000e+01
1.391601562500000000e+03 3.700000000000000000e+01
5.212402343750000000e+02 2.600000000000000000e+01
5.657958984375000000e+02 2.300000000000000000e+01
4.034423828125000000e+02 2.100000000000000000e+01
7.910156250000000000e+02 2.700000000000000000e+01
6.286621093750000000e+02 3.100000000000000000e+01
1.104125976562500000e+03 2.700000000000000000e+01
1.246948242187500000e+03 2.700000000000000000e+01
1.162109375000000000e+03 3.600000000000000000e+01
1.054077148437500000e+03 2.900000000000000000e+01
6.500244140625000000e+02 2.600000000000000000e+01
1.102294921875000000e+03 3.600000000000000000e+01
4.083251953125000000e+02 3.400000000000000000e+01
5.920410156250000000e+02 2.300000000000000000e+01
2.175292968750000000e+03 5.300000000000000000e+01
1.184082031250000000e+02 1.800000000000000000e+01
1.678466796875000000e+02 1.700000000000000000e+01
4.974365234375000000e+02 2.600000000000000000e+01
7.586669921875000000e+02 2.800000000000000000e+01
8.911132812500000000e+01 2.300000000000000000e+01
8.978271484375000000e+02 3.800000000000000000e+01
1.906738281250000000e+03 5.900000000000000000e+01
1.686401367187500000e+03 1.000000000000000000e+02
3.308105468750000000e+02 2.200000000000000000e+01
7.568359375000000000e+02 1.600000000000000000e+01
2.398681640625000000e+02 1.900000000000000000e+01
8.331298828125000000e+02 3.300000000000000000e+01
5.651855468750000000e+02 2.300000000000000000e+01
8.782958984375000000e+02 2.300000000000000000e+01
1.751708984375000000e+02 3.800000000000000000e+01
8.374023437500000000e+02 2.300000000000000000e+01
5.944824218750000000e+02 2.300000000000000000e+01
1.289672851562500000e+03 1.900000000000000000e+01
2.923583984375000000e+02 1.900000000000000000e+01
8.361816406250000000e+02 3.000000000000000000e+01
1.146240234375000000e+03 3.700000000000000000e+01
2.062988281250000000e+02 3.400000000000000000e+01
1.833496093750000000e+03 8.100000000000000000e+01
1.051025390625000000e+03 2.700000000000000000e+01
1.757812500000000000e+03 4.700000000000000000e+01
3.820800781250000000e+02 1.700000000000000000e+01
1.701660156250000000e+03 6.400000000000000000e+01
2.661132812500000000e+02 3.300000000000000000e+01
4.791259765625000000e+02 2.900000000000000000e+01
7.690429687500000000e+01 1.800000000000000000e+01
1.253051757812500000e+03 4.600000000000000000e+01
1.404418945312500000e+03 3.100000000000000000e+01
8.770751953125000000e+02 2.200000000000000000e+01
5.548095703125000000e+02 1.900000000000000000e+01
9.277343750000000000e+01 3.500000000000000000e+01
5.187988281250000000e+02 3.300000000000000000e+01
1.402587890625000000e+03 4.900000000000000000e+01
3.601074218750000000e+02 3.000000000000000000e+01
2.021484375000000000e+03 2.900000000000000000e+01
8.422851562500000000e+01 1.500000000000000000e+01
8.361816406250000000e+02 5.000000000000000000e+01
1.840820312500000000e+03 6.400000000000000000e+01
1.068725585937500000e+03 3.300000000000000000e+01
7.678222656250000000e+02 2.300000000000000000e+01
5.657958984375000000e+02 1.900000000000000000e+01
2.966308593750000000e+02 2.300000000000000000e+01
3.179931640625000000e+02 3.200000000000000000e+01
1.885986328125000000e+02 3.500000000000000000e+01
1.607666015625000000e+03 4.800000000000000000e+01
1.544189453125000000e+03 4.500000000000000000e+01
7.354736328125000000e+02 3.300000000000000000e+01
1.593017578125000000e+03 5.800000000000000000e+01
1.734008789062500000e+03 4.100000000000000000e+01
8.154296875000000000e+02 2.400000000000000000e+01
4.925537109375000000e+02 2.100000000000000000e+01
1.292114257812500000e+03 2.500000000000000000e+01
4.071044921875000000e+02 5.800000000000000000e+01
1.206054687500000000e+03 2.100000000000000000e+01
7.000732421875000000e+02 3.600000000000000000e+01
6.707763671875000000e+02 2.000000000000000000e+01
4.644775390625000000e+02 2.300000000000000000e+01
1.968994140625000000e+03 6.300000000000000000e+01
3.930664062500000000e+02 2.800000000000000000e+01
8.062744140625000000e+02 3.500000000000000000e+01
9.057617187500000000e+02 4.800000000000000000e+01
6.011962890625000000e+02 3.300000000000000000e+01
6.445312500000000000e+02 5.500000000000000000e+01
4.956054687500000000e+02 1.900000000000000000e+01
5.474853515625000000e+02 4.700000000000000000e+01
9.704589843750000000e+02 6.000000000000000000e+01
