2.105000000000000000e+03
1.602000000000000000e+03
9.230000000000000000e+02
3.334000000000000000e+03
2.442000000000000000e+03
1.946000000000000000e+03
1.875000000000000000e+03
3.846000000000000000e+03
5.820000000000000000e+02
1.516000000000000000e+03
2.708000000000000000e+03
2.720000000000000000e+02
1.326000000000000000e+03
1.268000000000000000e+03
2.630000000000000000e+03
1.303000000000000000e+03
2.421000000000000000e+03
1.559000000000000000e+03
7.130000000000000000e+02
2.133000000000000000e+03
2.083000000000000000e+03
1.424000000000000000e+03
7.120000000000000000e+02
4.588000000000000000e+03
1.204000000000000000e+03
7.330000000000000000e+02
1.494000000000000000e+03
1.398000000000000000e+03
1.397000000000000000e+03
1.030000000000000000e+03
1.961000000000000000e+03
1.503000000000000000e+03
1.558000000000000000e+03
4.484000000000000000e+03
7.300000000000000000e+02
3.120000000000000000e+02
7.070000000000000000e+02
1.663000000000000000e+03
3.610000000000000000e+02
3.840000000000000000e+02
1.671000000000000000e+03
3.385000000000000000e+03
4.636000000000000000e+03
1.116000000000000000e+03
2.120000000000000000e+02
1.560000000000000000e+02
5.320000000000000000e+02
1.788000000000000000e+03
3.672000000000000000e+03
6.720000000000000000e+02
4.946000000000000000e+03
1.917000000000000000e+03
4.620000000000000000e+02
2.950000000000000000e+03
8.550000000000000000e+02
2.827000000000000000e+03
3.360000000000000000e+02
2.334000000000000000e+03
1.387000000000000000e+03
6.840000000000000000e+02
3.897000000000000000e+03
2.169000000000000000e+03
1.044000000000000000e+03
1.510000000000000000e+03
6.410000000000000000e+02
1.359000000000000000e+03
2.690000000000000000e+03
1.598000000000000000e+03
1.969000000000000000e+03
4.700000000000000000e+03
8.560000000000000000e+02
2.203000000000000000e+03
5.130000000000000000e+02
1.760000000000000000e+02
3.220000000000000000e+02
2.144000000000000000e+03
1.563000000000000000e+03
1.396000000000000000e+03
1.159000000000000000e+03
1.207000000000000000e+03
2.972000000000000000e+03
7.200000000000000000e+01
1.950000000000000000e+03
8.450000000000000000e+02
1.094000000000000000e+03
2.420000000000000000e+02
1.830000000000000000e+03
1.781000000000000000e+03
3.993000000000000000e+03
7.640000000000000000e+02
1.365000000000000000e+03
1.060000000000000000e+03
2.307000000000000000e+03
4.700000000000000000e+02
2.977000000000000000e+03
1.810000000000000000e+02
1.952000000000000000e+03
1.016000000000000000e+03
7.870000000000000000e+02
2.005000000000000000e+03
1.033000000000000000e+03
1.218000000000000000e+03
5.600000000000000000e+02
6.650000000000000000e+02
4.810000000000000000e+02
6.820000000000000000e+02
4.710000000000000000e+02
5.600000000000000000e+02
1.987000000000000000e+03
3.548000000000000000e+03
7.780000000000000000e+02
2.004000000000000000e+03
1.713000000000000000e+03
3.350000000000000000e+03
3.836000000000000000e+03
4.582000000000000000e+03
1.070000000000000000e+03
8.250000000000000000e+02
2.810000000000000000e+02
3.261000000000000000e+03
1.576000000000000000e+03
3.030000000000000000e+03
1.050000000000000000e+03
1.455000000000000000e+03
9.500000000000000000e+01
5.780000000000000000e+02
9.840000000000000000e+02
1.610000000000000000e+03
1.760000000000000000e+03
3.220000000000000000e+02
3.870000000000000000e+02
1.594000000000000000e+03
2.367000000000000000e+03
1.053000000000000000e+03
9.400000000000000000e+02
1.340000000000000000e+03
1.283000000000000000e+03
1.568000000000000000e+03
2.078000000000000000e+03
1.673000000000000000e+03
6.150000000000000000e+02
8.810000000000000000e+02
2.176000000000000000e+03
1.469000000000000000e+03
2.239000000000000000e+03
2.707000000000000000e+03
2.764000000000000000e+03
1.320000000000000000e+03
4.430000000000000000e+02
1.103000000000000000e+03
2.192000000000000000e+03
7.180000000000000000e+02
1.856000000000000000e+03
2.331000000000000000e+03
1.548000000000000000e+03
5.450000000000000000e+02
2.905000000000000000e+03
2.745000000000000000e+03
1.881000000000000000e+03
5.310000000000000000e+02
1.394000000000000000e+03
1.845000000000000000e+03
3.423000000000000000e+03
1.468000000000000000e+03
1.694000000000000000e+03
8.420000000000000000e+02
2.274000000000000000e+03
2.544000000000000000e+03
2.280000000000000000e+03
1.289000000000000000e+03
1.559000000000000000e+03
1.354000000000000000e+03
2.292000000000000000e+03
1.336000000000000000e+03
1.629000000000000000e+03
1.417000000000000000e+03
9.520000000000000000e+02
9.130000000000000000e+02
4.187000000000000000e+03
6.990000000000000000e+02
1.736000000000000000e+03
1.018000000000000000e+03
1.675000000000000000e+03
1.393000000000000000e+03
1.381000000000000000e+03
1.324000000000000000e+03
1.536000000000000000e+03
1.210000000000000000e+02
3.540000000000000000e+02
8.870000000000000000e+02
1.373000000000000000e+03
2.423000000000000000e+03
1.282000000000000000e+03
1.210000000000000000e+03
1.696000000000000000e+03
6.950000000000000000e+02
8.640000000000000000e+02
9.430000000000000000e+02
2.775000000000000000e+03
8.240000000000000000e+02
1.159000000000000000e+03
9.760000000000000000e+02
7.780000000000000000e+02
2.139000000000000000e+03
2.164000000000000000e+03
1.483000000000000000e+03
1.363000000000000000e+03
1.762000000000000000e+03
9.060000000000000000e+02
1.650000000000000000e+03
1.594000000000000000e+03
5.150000000000000000e+02
3.910000000000000000e+02
2.240000000000000000e+02
7.440000000000000000e+02
1.035000000000000000e+03
9.280000000000000000e+02
1.298000000000000000e+03
4.270000000000000000e+02
1.048000000000000000e+03
1.323000000000000000e+03
3.260000000000000000e+02
7.490000000000000000e+02
2.684000000000000000e+03
1.019000000000000000e+03
1.188000000000000000e+03
4.304000000000000000e+03
2.680000000000000000e+02
2.679000000000000000e+03
2.080000000000000000e+02
1.508000000000000000e+03
1.729000000000000000e+03
2.460000000000000000e+02
1.630000000000000000e+02
2.557000000000000000e+03
1.017000000000000000e+03
3.430000000000000000e+02
6.000000000000000000e+02
1.087000000000000000e+03
3.350000000000000000e+02
1.284000000000000000e+03
3.282000000000000000e+03
1.432000000000000000e+03
8.620000000000000000e+02
1.168000000000000000e+03
3.764000000000000000e+03
1.317000000000000000e+03
1.673000000000000000e+03
9.570000000000000000e+02
4.985000000000000000e+03
4.600000000000000000e+02
6.890000000000000000e+02
5.154000000000000000e+03
4.218000000000000000e+03
2.455000000000000000e+03
1.961000000000000000e+03
8.870000000000000000e+02
7.270000000000000000e+02
6.190000000000000000e+02
1.758000000000000000e+03
3.314000000000000000e+03
2.385000000000000000e+03
7.610000000000000000e+02
2.563000000000000000e+03
8.960000000000000000e+02
4.910000000000000000e+02
1.903000000000000000e+03
5.830000000000000000e+02
2.060000000000000000e+02
2.781000000000000000e+03
3.168000000000000000e+03
9.230000000000000000e+02
1.090000000000000000e+03
2.303000000000000000e+03
9.450000000000000000e+02
1.875000000000000000e+03
1.745000000000000000e+03
3.379000000000000000e+03
2.113000000000000000e+03
1.310000000000000000e+03
1.129000000000000000e+03
1.353000000000000000e+03
1.557000000000000000e+03
1.360000000000000000e+03
1.821000000000000000e+03
2.748000000000000000e+03
6.920000000000000000e+02
9.330000000000000000e+02
1.842000000000000000e+03
2.745000000000000000e+03
1.262000000000000000e+03
4.241000000000000000e+03
1.771000000000000000e+03
5.420000000000000000e+02
6.440000000000000000e+02
4.070000000000000000e+02
2.171000000000000000e+03
4.192000000000000000e+03
2.684000000000000000e+03
1.177000000000000000e+03
9.480000000000000000e+02
2.222000000000000000e+03
2.383000000000000000e+03
1.959000000000000000e+03
1.124000000000000000e+03
3.569000000000000000e+03
2.411000000000000000e+03
1.037000000000000000e+03
9.730000000000000000e+02
1.470000000000000000e+02
1.220000000000000000e+03
7.080000000000000000e+02
3.028000000000000000e+03
6.510000000000000000e+02
4.566000000000000000e+03
9.940000000000000000e+02
1.896000000000000000e+03
1.277000000000000000e+03
7.000000000000000000e+02
1.670000000000000000e+03
1.351000000000000000e+03
2.464000000000000000e+03
1.197000000000000000e+03
6.440000000000000000e+02
4.410000000000000000e+02
1.527000000000000000e+03
7.510000000000000000e+02
1.369000000000000000e+03
2.010000000000000000e+02
4.070000000000000000e+02
1.667000000000000000e+03
1.067000000000000000e+03
4.450000000000000000e+02
1.587000000000000000e+03
3.056000000000000000e+03
6.070000000000000000e+02
3.354000000000000000e+03
2.890000000000000000e+02
3.348000000000000000e+03
1.920000000000000000e+03
1.461000000000000000e+03
1.573000000000000000e+03
2.755000000000000000e+03
2.598000000000000000e+03
1.191000000000000000e+03
1.469000000000000000e+03
1.104000000000000000e+03
2.774000000000000000e+03
4.464000000000000000e+03
1.128000000000000000e+03
2.216000000000000000e+03
7.750000000000000000e+02
3.308000000000000000e+03
1.263000000000000000e+03
1.336000000000000000e+03
1.827000000000000000e+03
1.460000000000000000e+03
3.239000000000000000e+03
5.810000000000000000e+02
1.596000000000000000e+03
1.233000000000000000e+03
9.400000000000000000e+02
2.011000000000000000e+03
1.556000000000000000e+03
4.060000000000000000e+02
3.443000000000000000e+03
1.612000000000000000e+03
3.889000000000000000e+03
1.321000000000000000e+03
7.440000000000000000e+02
3.820000000000000000e+02
1.048000000000000000e+03
1.027000000000000000e+03
5.300000000000000000e+02
1.465000000000000000e+03
8.230000000000000000e+02
1.773000000000000000e+03
2.948000000000000000e+03
1.690000000000000000e+02
2.223000000000000000e+03
5.834000000000000000e+03
8.400000000000000000e+02
2.337000000000000000e+03
1.544000000000000000e+03
1.245000000000000000e+03
1.798000000000000000e+03
2.794000000000000000e+03
4.640000000000000000e+02
5.250000000000000000e+02
5.880000000000000000e+02
1.340000000000000000e+03
9.540000000000000000e+02
2.346000000000000000e+03
1.021000000000000000e+03
1.578000000000000000e+03
1.445000000000000000e+03
1.716000000000000000e+03
2.064000000000000000e+03
2.724000000000000000e+03
3.121000000000000000e+03
1.348000000000000000e+03
2.077000000000000000e+03
9.780000000000000000e+02
1.692000000000000000e+03
9.780000000000000000e+02
5.509000000000000000e+03
1.725000000000000000e+03
1.620000000000000000e+02
1.408000000000000000e+03
5.840000000000000000e+02
1.953000000000000000e+03
1.590000000000000000e+02
7.590000000000000000e+02
1.391000000000000000e+03
5.400000000000000000e+02
7.300000000000000000e+02
2.562000000000000000e+03
1.570000000000000000e+03
2.700000000000000000e+02
6.480000000000000000e+02
2.576000000000000000e+03
1.709000000000000000e+03
9.570000000000000000e+02
1.230000000000000000e+03
2.227000000000000000e+03
1.113000000000000000e+03
5.240000000000000000e+02
1.887000000000000000e+03
1.949000000000000000e+03
2.110000000000000000e+03
6.910000000000000000e+02
2.667000000000000000e+03
1.709000000000000000e+03
4.640000000000000000e+02
2.857000000000000000e+03
2.974000000000000000e+03
2.370000000000000000e+02
8.040000000000000000e+02
1.126000000000000000e+03
8.070000000000000000e+02
3.759000000000000000e+03
1.404000000000000000e+03
1.195000000000000000e+03
2.677000000000000000e+03
2.028000000000000000e+03
2.642000000000000000e+03
1.274000000000000000e+03
2.102000000000000000e+03
1.278000000000000000e+03
2.840000000000000000e+03
4.782000000000000000e+03
9.870000000000000000e+02
8.250000000000000000e+02
2.011000000000000000e+03
1.481000000000000000e+03
3.172000000000000000e+03
7.660000000000000000e+02
4.689000000000000000e+03
5.039000000000000000e+03
1.664000000000000000e+03
1.064000000000000000e+03
9.380000000000000000e+02
6.190000000000000000e+02
8.990000000000000000e+02
5.280000000000000000e+02
1.293000000000000000e+03
1.478000000000000000e+03
2.229000000000000000e+03
1.797000000000000000e+03
1.052000000000000000e+03
1.171000000000000000e+03
2.760000000000000000e+02
1.912000000000000000e+03
3.043000000000000000e+03
2.631000000000000000e+03
2.015000000000000000e+03
1.453000000000000000e+03
4.960000000000000000e+02
1.689000000000000000e+03
1.623000000000000000e+03
2.960000000000000000e+02
4.870000000000000000e+02
1.042000000000000000e+03
2.247000000000000000e+03
1.412000000000000000e+03
6.460000000000000000e+02
1.137000000000000000e+03
8.020000000000000000e+02
1.343000000000000000e+03
1.152000000000000000e+03
1.612000000000000000e+03
3.353000000000000000e+03
1.743000000000000000e+03
1.373000000000000000e+03
1.297000000000000000e+03
4.371000000000000000e+03
1.921000000000000000e+03
4.445000000000000000e+03
1.594000000000000000e+03
3.440000000000000000e+02
4.140000000000000000e+02
8.040000000000000000e+02
4.120000000000000000e+02
3.393000000000000000e+03
1.181000000000000000e+03
1.954000000000000000e+03
2.746000000000000000e+03
1.485000000000000000e+03
4.720000000000000000e+02
1.750000000000000000e+02
4.980000000000000000e+02
1.402000000000000000e+03
3.890000000000000000e+02
1.194000000000000000e+03
3.900000000000000000e+02
2.635000000000000000e+03
1.980000000000000000e+02
6.040000000000000000e+02
3.378000000000000000e+03
1.417000000000000000e+03
1.569000000000000000e+03
2.170000000000000000e+02
1.409000000000000000e+03
1.039000000000000000e+03
1.488000000000000000e+03
1.827000000000000000e+03
4.116000000000000000e+03
3.447000000000000000e+03
2.269000000000000000e+03
1.030000000000000000e+03
1.894000000000000000e+03
9.880000000000000000e+02
1.235000000000000000e+03
6.880000000000000000e+02
7.490000000000000000e+02
3.450000000000000000e+02
2.531000000000000000e+03
5.628000000000000000e+03
2.897000000000000000e+03
1.024000000000000000e+03
1.758000000000000000e+03
8.230000000000000000e+02
8.370000000000000000e+02
1.217000000000000000e+03
4.020000000000000000e+02
9.410000000000000000e+02
1.760000000000000000e+03
1.392000000000000000e+03
1.638000000000000000e+03
1.770000000000000000e+03
4.644000000000000000e+03
1.015000000000000000e+03
1.134000000000000000e+03
3.530000000000000000e+02
1.613000000000000000e+03
9.640000000000000000e+02
8.510000000000000000e+02
1.974000000000000000e+03
1.249000000000000000e+03
2.184000000000000000e+03
1.667000000000000000e+03
2.664000000000000000e+03
1.627000000000000000e+03
1.074000000000000000e+03
1.424000000000000000e+03
2.084000000000000000e+03
1.566000000000000000e+03
1.153000000000000000e+03
2.329000000000000000e+03
1.874000000000000000e+03
1.023000000000000000e+03
9.260000000000000000e+02
1.459000000000000000e+03
2.980000000000000000e+02
4.394000000000000000e+03
1.431000000000000000e+03
1.798000000000000000e+03
8.240000000000000000e+02
2.650000000000000000e+03
1.052000000000000000e+03
6.700000000000000000e+02
2.915000000000000000e+03
2.916000000000000000e+03
2.889000000000000000e+03
7.750000000000000000e+02
1.028000000000000000e+03
1.336000000000000000e+03
1.696000000000000000e+03
1.074000000000000000e+03
1.277000000000000000e+03
1.830000000000000000e+03
1.561000000000000000e+03
4.266000000000000000e+03
2.138000000000000000e+03
2.929000000000000000e+03
1.638000000000000000e+03
5.150000000000000000e+02
3.089000000000000000e+03
1.846000000000000000e+03
1.038000000000000000e+03
1.983000000000000000e+03
2.020000000000000000e+03
2.707000000000000000e+03
5.780000000000000000e+02
4.517000000000000000e+03
2.210000000000000000e+03
1.488000000000000000e+03
2.461000000000000000e+03
1.240000000000000000e+03
2.000000000000000000e+02
3.745000000000000000e+03
2.263000000000000000e+03
1.221000000000000000e+03
1.476000000000000000e+03
2.784000000000000000e+03
1.284000000000000000e+03
2.358000000000000000e+03
1.305000000000000000e+03
3.459000000000000000e+03
9.470000000000000000e+02
4.690000000000000000e+02
4.206000000000000000e+03
1.510000000000000000e+03
1.375000000000000000e+03
1.674000000000000000e+03
2.340000000000000000e+02
9.000000000000000000e+01
1.195000000000000000e+03
2.235000000000000000e+03
1.694000000000000000e+03
9.720000000000000000e+02
4.450000000000000000e+02
2.460000000000000000e+03
2.513000000000000000e+03
2.031000000000000000e+03
2.195000000000000000e+03
1.548000000000000000e+03
4.280000000000000000e+02
6.947000000000000000e+03
9.600000000000000000e+02
4.210000000000000000e+02
1.600000000000000000e+02
1.666000000000000000e+03
5.680000000000000000e+02
2.859000000000000000e+03
1.198000000000000000e+03
1.893000000000000000e+03
6.870000000000000000e+02
2.570000000000000000e+02
8.580000000000000000e+02
1.265000000000000000e+03
6.200000000000000000e+02
4.472000000000000000e+03
2.240000000000000000e+03
1.141000000000000000e+03
1.152000000000000000e+03
1.514000000000000000e+03
2.740000000000000000e+03
1.425000000000000000e+03
5.530000000000000000e+02
5.540000000000000000e+02
9.740000000000000000e+02
1.974000000000000000e+03
8.100000000000000000e+01
1.987000000000000000e+03
1.621000000000000000e+03
8.650000000000000000e+02
1.393000000000000000e+03
1.080000000000000000e+03
1.580000000000000000e+02
1.954000000000000000e+03
1.557000000000000000e+03
2.420000000000000000e+02
1.005000000000000000e+03
4.570000000000000000e+02
5.100000000000000000e+02
8.570000000000000000e+02
1.824000000000000000e+03
1.553000000000000000e+03
6.560000000000000000e+02
6.980000000000000000e+02
7.470000000000000000e+02
1.266000000000000000e+03
1.314000000000000000e+03
3.292000000000000000e+03
2.177000000000000000e+03
1.185000000000000000e+03
2.149000000000000000e+03
5.217000000000000000e+03
1.436000000000000000e+03
1.901000000000000000e+03
2.079000000000000000e+03
1.999000000000000000e+03
2.700000000000000000e+02
5.260000000000000000e+02
2.687000000000000000e+03
4.450000000000000000e+02
4.190000000000000000e+02
2.820000000000000000e+02
5.390000000000000000e+02
2.004000000000000000e+03
1.635000000000000000e+03
3.710000000000000000e+02
8.650000000000000000e+02
5.120000000000000000e+02
2.228000000000000000e+03
1.639000000000000000e+03
7.110000000000000000e+02
6.300000000000000000e+02
1.058000000000000000e+03
1.148000000000000000e+03
2.429000000000000000e+03
1.412000000000000000e+03
1.281000000000000000e+03
2.294000000000000000e+03
4.019000000000000000e+03
7.030000000000000000e+02
3.490000000000000000e+02
1.968000000000000000e+03
5.670000000000000000e+02
5.510000000000000000e+02
9.040000000000000000e+02
2.008000000000000000e+03
1.760000000000000000e+02
3.147000000000000000e+03
1.495000000000000000e+03
4.585000000000000000e+03
3.274000000000000000e+03
1.488000000000000000e+03
4.098000000000000000e+03
2.265000000000000000e+03
2.568000000000000000e+03
1.399000000000000000e+03
8.970000000000000000e+02
8.390000000000000000e+02
6.700000000000000000e+02
1.692000000000000000e+03
1.913000000000000000e+03
8.140000000000000000e+02
1.182000000000000000e+03
2.360000000000000000e+02
1.842000000000000000e+03
3.318000000000000000e+03
1.717000000000000000e+03
1.141000000000000000e+03
1.766000000000000000e+03
9.900000000000000000e+02
3.008000000000000000e+03
2.381000000000000000e+03
1.378000000000000000e+03
8.670000000000000000e+02
2.358000000000000000e+03
4.630000000000000000e+02
4.162000000000000000e+03
1.148000000000000000e+03
1.323000000000000000e+03
6.190000000000000000e+02
1.050000000000000000e+03
8.100000000000000000e+02
1.161000000000000000e+03
4.158000000000000000e+03
1.488000000000000000e+03
7.570000000000000000e+02
3.470000000000000000e+02
3.088000000000000000e+03
1.681000000000000000e+03
1.448000000000000000e+03
2.817000000000000000e+03
6.530000000000000000e+02
3.913000000000000000e+03
2.788000000000000000e+03
8.800000000000000000e+02
1.970000000000000000e+02
2.879000000000000000e+03
4.162000000000000000e+03
1.746000000000000000e+03
1.741000000000000000e+03
2.473000000000000000e+03
6.390000000000000000e+02
2.413000000000000000e+03
2.296000000000000000e+03
1.381000000000000000e+03
6.530000000000000000e+02
3.587000000000000000e+03
1.884000000000000000e+03
3.590000000000000000e+02
4.234000000000000000e+03
3.030000000000000000e+03
2.224000000000000000e+03
1.755000000000000000e+03
5.510000000000000000e+02
1.634000000000000000e+03
9.370000000000000000e+02
6.000000000000000000e+02
1.205000000000000000e+03
1.782000000000000000e+03
1.398000000000000000e+03
1.158000000000000000e+03
3.900000000000000000e+02
9.360000000000000000e+02
8.490000000000000000e+02
1.876000000000000000e+03
1.585000000000000000e+03
1.969000000000000000e+03
2.437000000000000000e+03
1.697000000000000000e+03
1.710000000000000000e+03
5.700000000000000000e+02
2.001000000000000000e+03
1.221000000000000000e+03
2.371000000000000000e+03
2.323000000000000000e+03
2.972000000000000000e+03
3.630000000000000000e+02
5.070000000000000000e+02
3.569000000000000000e+03
1.909000000000000000e+03
1.368000000000000000e+03
1.929000000000000000e+03
1.182000000000000000e+03
2.486000000000000000e+03
2.824000000000000000e+03
1.825000000000000000e+03
5.750000000000000000e+02
2.293000000000000000e+03
1.459000000000000000e+03
2.022000000000000000e+03
6.000000000000000000e+02
6.770000000000000000e+02
1.324000000000000000e+03
1.002000000000000000e+03
1.077000000000000000e+03
5.190000000000000000e+02
1.053000000000000000e+03
2.811000000000000000e+03
1.606000000000000000e+03
2.107000000000000000e+03
2.410000000000000000e+02
3.030000000000000000e+02
1.509000000000000000e+03
2.011000000000000000e+03
1.087000000000000000e+03
2.996000000000000000e+03
1.105000000000000000e+03
1.600000000000000000e+03
2.050000000000000000e+02
4.930000000000000000e+02
1.552000000000000000e+03
1.969000000000000000e+03
1.011000000000000000e+03
1.344000000000000000e+03
1.780000000000000000e+02
6.000000000000000000e+02
3.044000000000000000e+03
2.062000000000000000e+03
1.469000000000000000e+03
3.490000000000000000e+02
4.010000000000000000e+02
5.610000000000000000e+02
4.600000000000000000e+02
7.430000000000000000e+02
3.850000000000000000e+02
1.429000000000000000e+03
3.608000000000000000e+03
7.970000000000000000e+02
4.701000000000000000e+03
9.910000000000000000e+02
2.040000000000000000e+02
7.400000000000000000e+01
1.868000000000000000e+03
8.660000000000000000e+02
3.720000000000000000e+02
1.507000000000000000e+03
9.220000000000000000e+02
5.270000000000000000e+02
3.750000000000000000e+02
2.244000000000000000e+03
2.596000000000000000e+03
1.354000000000000000e+03
1.730000000000000000e+02
1.966000000000000000e+03
1.060000000000000000e+03
1.310000000000000000e+03
4.040000000000000000e+02
4.470000000000000000e+02
2.024000000000000000e+03
8.350000000000000000e+02
1.784000000000000000e+03
8.530000000000000000e+02
2.026000000000000000e+03
3.618000000000000000e+03
2.254000000000000000e+03
3.981000000000000000e+03
1.079000000000000000e+03
2.370000000000000000e+02
1.388000000000000000e+03
1.489000000000000000e+03
3.177000000000000000e+03
5.220000000000000000e+02
1.530000000000000000e+02
1.771000000000000000e+03
2.100000000000000000e+02
1.321000000000000000e+03
1.279000000000000000e+03
1.565000000000000000e+03
1.998000000000000000e+03
8.480000000000000000e+02
1.166000000000000000e+03
1.449000000000000000e+03
6.010000000000000000e+02
1.360000000000000000e+03
1.774000000000000000e+03
6.100000000000000000e+02
5.860000000000000000e+02
3.130000000000000000e+02
2.823000000000000000e+03
1.224000000000000000e+03
3.190000000000000000e+02
2.353000000000000000e+03
4.670000000000000000e+02
4.800000000000000000e+02
2.382000000000000000e+03
1.024000000000000000e+03
1.141000000000000000e+03
4.476000000000000000e+03
1.338000000000000000e+03
1.061000000000000000e+03
1.230000000000000000e+02
1.933000000000000000e+03
4.894000000000000000e+03
1.539000000000000000e+03
1.694000000000000000e+03
8.100000000000000000e+02
7.800000000000000000e+02
1.168000000000000000e+03
1.773000000000000000e+03
2.075000000000000000e+03
1.290000000000000000e+02
1.536000000000000000e+03
2.265000000000000000e+03
1.592000000000000000e+03
9.980000000000000000e+02
1.048000000000000000e+03
1.079000000000000000e+03
1.172000000000000000e+03
9.240000000000000000e+02
1.249000000000000000e+03
1.686000000000000000e+03
8.380000000000000000e+02
6.200000000000000000e+02
1.002000000000000000e+03
3.770000000000000000e+02
8.080000000000000000e+02
5.690000000000000000e+02
3.680000000000000000e+02
1.544000000000000000e+03
2.017000000000000000e+03
4.324000000000000000e+03
2.217000000000000000e+03
8.840000000000000000e+02
2.084000000000000000e+03
3.330000000000000000e+02
9.200000000000000000e+02
1.617000000000000000e+03
1.840000000000000000e+02
1.650000000000000000e+03
7.900000000000000000e+02
1.172000000000000000e+03
2.304000000000000000e+03
8.130000000000000000e+02
7.360000000000000000e+02
1.420000000000000000e+03
9.250000000000000000e+02
6.380000000000000000e+02
1.985000000000000000e+03
8.680000000000000000e+02
2.932000000000000000e+03
4.927000000000000000e+03
3.344000000000000000e+03
2.048000000000000000e+03
1.118000000000000000e+03
9.350000000000000000e+02
2.065000000000000000e+03
2.324000000000000000e+03
1.508000000000000000e+03
1.610000000000000000e+03
1.752000000000000000e+03
5.490000000000000000e+02
1.039000000000000000e+03
2.590000000000000000e+03
5.000000000000000000e+02
3.210000000000000000e+03
8.780000000000000000e+02
1.469000000000000000e+03
1.175000000000000000e+03
1.658000000000000000e+03
1.468000000000000000e+03
8.520000000000000000e+02
1.248000000000000000e+03
3.855000000000000000e+03
