3.881835937500000000e+02 3.100000000000000000e+01
6.018066406250000000e+02 2.100000000000000000e+01
1.869506835937500000e+03 3.700000000000000000e+01
2.206420898437500000e+03 5.600000000000000000e+01
1.044311523437500000e+03 4.600000000000000000e+01
3.668212890625000000e+02 2.200000000000000000e+01
4.736328125000000000e+02 2.400000000000000000e+01
3.004150390625000000e+03 6.700000000000000000e+01
9.411621093750000000e+02 2.500000000000000000e+01
8.361816406250000000e+02 3.000000000000000000e+01
9.667968750000000000e+02 5.900000000000000000e+01
5.230712890625000000e+02 3.000000000000000000e+01
4.264526367187500000e+03 5.900000000000000000e+01
9.985351562500000000e+02 3.200000000000000000e+01
7.824707031250000000e+02 2.000000000000000000e+01
5.999755859375000000e+02 2.000000000000000000e+01
4.687500000000000000e+02 2.900000000000000000e+01
2.254028320312500000e+03 3.700000000000000000e+01
8.972167968750000000e+01 1.700000000000000000e+01
9.539794921875000000e+02 3.000000000000000000e+01
5.688476562500000000e+02 3.600000000000000000e+01
5.017089843750000000e+02 2.000000000000000000e+01
6.951904296875000000e+02 3.400000000000000000e+01
2.978515625000000000e+02 2.100000000000000000e+01
5.395507812500000000e+02 2.100000000000000000e+01
9.002685546875000000e+02 2.500000000000000000e+01
2.740478515625000000e+02 4.400000000000000000e+01
1.159057617187500000e+03 4.100000000000000000e+01
9.869384765625000000e+02 6.800000000000000000e+01
1.213378906250000000e+03 3.800000000000000000e+01
1.263427734375000000e+03 2.200000000000000000e+01
3.070068359375000000e+02 1.100000000000000000e+01
1.496582031250000000e+03 3.800000000000000000e+01
1.129760742187500000e+03 5.500000000000000000e+01
1.223754882812500000e+03 3.400000000000000000e+01
1.035156250000000000e+03 2.900000000000000000e+01
1.794433593750000000e+02 2.300000000000000000e+01
2.789306640625000000e+02 2.100000000000000000e+01
2.058105468750000000e+03 4.500000000000000000e+01
1.192016601562500000e+03 2.300000000000000000e+01
7.379150390625000000e+02 1.800000000000000000e+01
1.173706054687500000e+03 4.600000000000000000e+01
5.004882812500000000e+02 2.000000000000000000e+01
4.010009765625000000e+02 2.300000000000000000e+01
9.948730468750000000e+02 2.200000000000000000e+01
1.989135742187500000e+03 4.000000000000000000e+01
1.103515625000000000e+03 3.100000000000000000e+01
2.502441406250000000e+02 4.700000000000000000e+01
3.814697265625000000e+02 2.000000000000000000e+01
9.655761718750000000e+02 3.100000000000000000e+01
4.034423828125000000e+02 1.600000000000000000e+01
6.463623046875000000e+02 1.500000000000000000e+01
1.181640625000000000e+03 2.100000000000000000e+01
1.218872070312500000e+03 5.300000000000000000e+01
1.007690429687500000e+03 4.000000000000000000e+01
1.456298828125000000e+03 3.000000000000000000e+01
6.542968750000000000e+02 4.000000000000000000e+01
9.838867187500000000e+02 2.700000000000000000e+01
1.216430664062500000e+03 3.700000000000000000e+01
5.853271484375000000e+02 1.600000000000000000e+01
1.437988281250000000e+03 5.300000000000000000e+01
3.942871093750000000e+02 1.900000000000000000e+01
1.521606445312500000e+03 4.300000000000000000e+01
3.692626953125000000e+02 3.600000000000000000e+01
7.312011718750000000e+02 2.000000000000000000e+01
1.506958007812500000e+03 6.400000000000000000e+01
1.411743164062500000e+03 4.600000000000000000e+01
1.197509765625000000e+03 3.900000000000000000e+01
8.642578125000000000e+02 4.100000000000000000e+01
9.759521484375000000e+02 2.500000000000000000e+01
2.966308593750000000e+02 3.400000000000000000e+01
4.351806640625000000e+02 3.600000000000000000e+01
7.281494140625000000e+02 1.800000000000000000e+01
2.377929687500000000e+03 5.800000000000000000e+01
1.173095703125000000e+03 4.100000000000000000e+01
9.014892578125000000e+02 3.100000000000000000e+01
8.044433593750000000e+02 3.200000000000000000e+01
1.055908203125000000e+02 1.900000000000000000e+01
3.308105468750000000e+02 4.300000000000000000e+01
7.061767578125000000e+02 2.400000000000000000e+01
8.221435546875000000e+02 4.100000000000000000e+01
3.741455078125000000e+02 1.900000000000000000e+01
9.289550781250000000e+02 4.700000000000000000e+01
1.102294921875000000e+03 2.400000000000000000e+01
1.524047851562500000e+03 5.900000000000000000e+01
4.913330078125000000e+02 2.300000000000000000e+01
6.347656250000000000e+01 2.700000000000000000e+01
4.656982421875000000e+02 2.100000000000000000e+01
1.071166992187500000e+03 2.700000000000000000e+01
1.666259765625000000e+02 2.000000000000000000e+01
2.051391601562500000e+03 3.900000000000000000e+01
6.884765625000000000e+02 2.100000000000000000e+01
5.432128906250000000e+02 1.900000000000000000e+01
9.521484375000000000e+01 2.800000000000000000e+01
5.120849609375000000e+02 1.700000000000000000e+01
8.728027343750000000e+02 6.800000000000000000e+01
1.232299804687500000e+03 2.500000000000000000e+01
6.140136718750000000e+02 4.100000000000000000e+01
3.375244140625000000e+02 2.900000000000000000e+01
3.515625000000000000e+02 1.900000000000000000e+01
